1) 91 322 702 9999 12 133 4152 213 23 1724 825 127 538 29 91 92 93 730 361 637 2255 213 388 91 322 739 16 702 95 588 3999 9599 945 818 19 420 538 32 935 834 35 361 637 
2) 91 322 702 12 133 4152 213 23 1724 825 127 538 29 91 92 93 730 361 637 2255 213 388 91 322 739 16 702 95 588 3999 9599 945 818 19 420 538 32 935 834 35 361 637 9999 
3) 91 322 12 133 702 213 23 1724 825 127 538 29 91 92 93 730 361 637 2255 213 388 91 322 739 16 702 95 588 3999 4152 945 818 19 420 538 32 935 834 35 361 637 9599 9999 
4) 91 12 133 322 213 23 702 825 127 538 29 91 92 93 730 361 637 1724 213 388 91 322 739 16 702 95 588 2255 3999 945 818 19 420 538 32 935 834 35 361 637 4152 9599 9999 
5) 12 91 133 213 23 322 702 127 538 29 91 92 93 730 361 637 825 213 388 91 322 739 16 702 95 588 1724 2255 945 818 19 420 538 32 935 834 35 361 637 3999 4152 9599 9999 
6) 12 91 133 23 213 322 127 538 29 91 92 93 702 361 637 730 213 388 91 322 739 16 702 95 588 825 1724 945 818 19 420 538 32 935 834 35 361 637 2255 3999 4152 9599 9999 
7) 12 91 23 133 213 127 322 29 91 92 93 538 361 637 702 213 388 91 322 730 16 702 95 588 739 825 945 818 19 420 538 32 935 834 35 361 637 1724 2255 3999 4152 9599 9999 
8) 12 23 91 133 127 213 29 91 92 93 322 361 538 637 213 388 91 322 702 16 702 95 588 730 739 825 818 19 420 538 32 935 834 35 361 637 945 1724 2255 3999 4152 9599 9999 
9) 12 23 91 127 133 29 91 92 93 213 322 361 538 213 388 91 322 637 16 702 95 588 702 730 739 818 19 420 538 32 825 834 35 361 637 935 945 1724 2255 3999 4152 9599 9999 
10) 12 23 91 127 29 91 92 93 133 213 322 361 213 388 91 322 538 16 637 95 588 702 702 730 739 19 420 538 32 818 825 35 361 637 834 935 945 1724 2255 3999 4152 9599 9999 
11) 12 23 91 29 91 92 93 127 133 213 322 213 361 91 322 388 16 538 95 588 637 702 702 730 19 420 538 32 739 818 35 361 637 825 834 935 945 1724 2255 3999 4152 9599 9999 
12) 12 23 29 91 91 92 93 127 133 213 213 322 91 322 361 16 388 95 538 588 637 702 702 19 420 538 32 730 739 35 361 637 818 825 834 935 945 1724 2255 3999 4152 9599 9999 
13) 12 23 29 91 91 92 93 127 133 213 213 91 322 322 16 361 95 388 538 588 637 702 19 420 538 32 702 730 35 361 637 739 818 825 834 935 945 1724 2255 3999 4152 9599 9999 
14) 12 23 29 91 91 92 93 127 133 213 91 213 322 16 322 95 361 388 538 588 637 19 420 538 32 702 702 35 361 637 730 739 818 825 834 935 945 1724 2255 3999 4152 9599 9999 
15) 12 23 29 91 91 92 93 127 133 91 213 213 16 322 95 322 361 388 538 588 19 420 538 32 637 702 35 361 637 702 730 739 818 825 834 935 945 1724 2255 3999 4152 9599 9999 
16) 12 23 29 91 91 92 93 127 91 133 213 16 213 95 322 322 361 388 538 19 420 538 32 588 637 35 361 637 702 702 730 739 818 825 834 935 945 1724 2255 3999 4152 9599 9999 
17) 12 23 29 91 91 92 93 91 127 133 16 213 95 213 322 322 361 388 19 420 538 32 538 588 35 361 637 637 702 702 730 739 818 825 834 935 945 1724 2255 3999 4152 9599 9999 
18) 12 23 29 91 91 92 91 93 127 16 133 95 213 213 322 322 361 19 388 420 32 538 538 35 361 588 637 637 702 702 730 739 818 825 834 935 945 1724 2255 3999 4152 9599 9999 
19) 12 23 29 91 91 91 92 93 16 127 95 133 213 213 322 322 19 361 388 32 420 538 35 361 538 588 637 637 702 702 730 739 818 825 834 935 945 1724 2255 3999 4152 9599 9999 
20) 12 23 29 91 91 91 92 16 93 95 127 133 213 213 322 19 322 361 32 388 420 35 361 538 538 588 637 637 702 702 730 739 818 825 834 935 945 1724 2255 3999 4152 9599 9999 
21) 12 23 29 91 91 91 16 92 93 95 127 133 213 213 19 322 322 32 361 388 35 361 420 538 538 588 637 637 702 702 730 739 818 825 834 935 945 1724 2255 3999 4152 9599 9999 
22) 12 23 29 91 91 16 91 92 93 95 127 133 213 19 213 322 32 322 361 35 361 388 420 538 538 588 637 637 702 702 730 739 818 825 834 935 945 1724 2255 3999 4152 9599 9999 
23) 12 23 29 91 16 91 91 92 93 95 127 133 19 213 213 32 322 322 35 361 361 388 420 538 538 588 637 637 702 702 730 739 818 825 834 935 945 1724 2255 3999 4152 9599 9999 
24) 12 23 29 16 91 91 91 92 93 95 127 19 133 213 32 213 322 35 322 361 361 388 420 538 538 588 637 637 702 702 730 739 818 825 834 935 945 1724 2255 3999 4152 9599 9999 
25) 12 23 16 29 91 91 91 92 93 95 19 127 133 32 213 213 35 322 322 361 361 388 420 538 538 588 637 637 702 702 730 739 818 825 834 935 945 1724 2255 3999 4152 9599 9999 
26) 12 16 23 29 91 91 91 92 93 19 95 127 32 133 213 35 213 322 322 361 361 388 420 538 538 588 637 637 702 702 730 739 818 825 834 935 945 1724 2255 3999 4152 9599 9999 
27) 12 16 23 29 91 91 91 92 19 93 95 32 127 133 35 213 213 322 322 361 361 388 420 538 538 588 637 637 702 702 730 739 818 825 834 935 945 1724 2255 3999 4152 9599 9999 
28) 12 16 23 29 91 91 91 19 92 93 32 95 127 35 133 213 213 322 322 361 361 388 420 538 538 588 637 637 702 702 730 739 818 825 834 935 945 1724 2255 3999 4152 9599 9999 
29) 12 16 23 29 91 91 19 91 92 32 93 95 35 127 133 213 213 322 322 361 361 388 420 538 538 588 637 637 702 702 730 739 818 825 834 935 945 1724 2255 3999 4152 9599 9999 
30) 12 16 23 29 91 19 91 91 32 92 93 35 95 127 133 213 213 322 322 361 361 388 420 538 538 588 637 637 702 702 730 739 818 825 834 935 945 1724 2255 3999 4152 9599 9999 
31) 12 16 23 29 19 91 91 32 91 92 35 93 95 127 133 213 213 322 322 361 361 388 420 538 538 588 637 637 702 702 730 739 818 825 834 935 945 1724 2255 3999 4152 9599 9999 
32) 12 16 23 19 29 91 32 91 91 35 92 93 95 127 133 213 213 322 322 361 361 388 420 538 538 588 637 637 702 702 730 739 818 825 834 935 945 1724 2255 3999 4152 9599 9999 
33) 12 16 19 23 29 32 91 91 35 91 92 93 95 127 133 213 213 322 322 361 361 388 420 538 538 588 637 637 702 702 730 739 818 825 834 935 945 1724 2255 3999 4152 9599 9999 
34) 12 16 19 23 29 32 91 35 91 91 92 93 95 127 133 213 213 322 322 361 361 388 420 538 538 588 637 637 702 702 730 739 818 825 834 935 945 1724 2255 3999 4152 9599 9999 
35) 12 16 19 23 29 32 35 91 91 91 92 93 95 127 133 213 213 322 322 361 361 388 420 538 538 588 637 637 702 702 730 739 818 825 834 935 945 1724 2255 3999 4152 9599 9999 
36) 12 16 19 23 29 32 35 91 91 91 92 93 95 127 133 213 213 322 322 361 361 388 420 538 538 588 637 637 702 702 730 739 818 825 834 935 945 1724 2255 3999 4152 9599 9999 
