1) 12 322 702 9999 91 133 4152 213 23 1724 825 127 538 29 91 92 93 730 361 637 2255 213 388 91 322 739 16 702 95 588 3999 9599 945 818 19 420 538 32 935 834 35 361 637 
2) 12 16 702 9999 91 133 4152 213 23 1724 825 127 538 29 91 92 93 730 361 637 2255 213 388 91 322 739 322 702 95 588 3999 9599 945 818 19 420 538 32 935 834 35 361 637 
3) 12 16 19 9999 91 133 4152 213 23 1724 825 127 538 29 91 92 93 730 361 637 2255 213 388 91 322 739 322 702 95 588 3999 9599 945 818 702 420 538 32 935 834 35 361 637 
4) 12 16 19 23 91 133 4152 213 9999 1724 825 127 538 29 91 92 93 730 361 637 2255 213 388 91 322 739 322 702 95 588 3999 9599 945 818 702 420 538 32 935 834 35 361 637 
5) 12 16 19 23 29 133 4152 213 9999 1724 825 127 538 91 91 92 93 730 361 637 2255 213 388 91 322 739 322 702 95 588 3999 9599 945 818 702 420 538 32 935 834 35 361 637 
6) 12 16 19 23 29 32 4152 213 9999 1724 825 127 538 91 91 92 93 730 361 637 2255 213 388 91 322 739 322 702 95 588 3999 9599 945 818 702 420 538 133 935 834 35 361 637 
7) 12 16 19 23 29 32 35 213 9999 1724 825 127 538 91 91 92 93 730 361 637 2255 213 388 91 322 739 322 702 95 588 3999 9599 945 818 702 420 538 133 935 834 4152 361 637 
8) 12 16 19 23 29 32 35 91 9999 1724 825 127 538 213 91 92 93 730 361 637 2255 213 388 91 322 739 322 702 95 588 3999 9599 945 818 702 420 538 133 935 834 4152 361 637 
9) 12 16 19 23 29 32 35 91 91 1724 825 127 538 213 9999 92 93 730 361 637 2255 213 388 91 322 739 322 702 95 588 3999 9599 945 818 702 420 538 133 935 834 4152 361 637 
10) 12 16 19 23 29 32 35 91 91 91 825 127 538 213 9999 92 93 730 361 637 2255 213 388 1724 322 739 322 702 95 588 3999 9599 945 818 702 420 538 133 935 834 4152 361 637 
11) 12 16 19 23 29 32 35 91 91 91 92 127 538 213 9999 825 93 730 361 637 2255 213 388 1724 322 739 322 702 95 588 3999 9599 945 818 702 420 538 133 935 834 4152 361 637 
12) 12 16 19 23 29 32 35 91 91 91 92 93 538 213 9999 825 127 730 361 637 2255 213 388 1724 322 739 322 702 95 588 3999 9599 945 818 702 420 538 133 935 834 4152 361 637 
13) 12 16 19 23 29 32 35 91 91 91 92 93 95 213 9999 825 127 730 361 637 2255 213 388 1724 322 739 322 702 538 588 3999 9599 945 818 702 420 538 133 935 834 4152 361 637 
14) 12 16 19 23 29 32 35 91 91 91 92 93 95 127 9999 825 213 730 361 637 2255 213 388 1724 322 739 322 702 538 588 3999 9599 945 818 702 420 538 133 935 834 4152 361 637 
15) 12 16 19 23 29 32 35 91 91 91 92 93 95 127 133 825 213 730 361 637 2255 213 388 1724 322 739 322 702 538 588 3999 9599 945 818 702 420 538 9999 935 834 4152 361 637 
16) 12 16 19 23 29 32 35 91 91 91 92 93 95 127 133 213 825 730 361 637 2255 213 388 1724 322 739 322 702 538 588 3999 9599 945 818 702 420 538 9999 935 834 4152 361 637 
17) 12 16 19 23 29 32 35 91 91 91 92 93 95 127 133 213 213 730 361 637 2255 825 388 1724 322 739 322 702 538 588 3999 9599 945 818 702 420 538 9999 935 834 4152 361 637 
18) 12 16 19 23 29 32 35 91 91 91 92 93 95 127 133 213 213 322 361 637 2255 825 388 1724 730 739 322 702 538 588 3999 9599 945 818 702 420 538 9999 935 834 4152 361 637 
19) 12 16 19 23 29 32 35 91 91 91 92 93 95 127 133 213 213 322 322 637 2255 825 388 1724 730 739 361 702 538 588 3999 9599 945 818 702 420 538 9999 935 834 4152 361 637 
20) 12 16 19 23 29 32 35 91 91 91 92 93 95 127 133 213 213 322 322 361 2255 825 388 1724 730 739 637 702 538 588 3999 9599 945 818 702 420 538 9999 935 834 4152 361 637 
21) 12 16 19 23 29 32 35 91 91 91 92 93 95 127 133 213 213 322 322 361 361 825 388 1724 730 739 637 702 538 588 3999 9599 945 818 702 420 538 9999 935 834 4152 2255 637 
22) 12 16 19 23 29 32 35 91 91 91 92 93 95 127 133 213 213 322 322 361 361 388 825 1724 730 739 637 702 538 588 3999 9599 945 818 702 420 538 9999 935 834 4152 2255 637 
23) 12 16 19 23 29 32 35 91 91 91 92 93 95 127 133 213 213 322 322 361 361 388 420 1724 730 739 637 702 538 588 3999 9599 945 818 702 825 538 9999 935 834 4152 2255 637 
24) 12 16 19 23 29 32 35 91 91 91 92 93 95 127 133 213 213 322 322 361 361 388 420 538 730 739 637 702 1724 588 3999 9599 945 818 702 825 538 9999 935 834 4152 2255 637 
25) 12 16 19 23 29 32 35 91 91 91 92 93 95 127 133 213 213 322 322 361 361 388 420 538 538 739 637 702 1724 588 3999 9599 945 818 702 825 730 9999 935 834 4152 2255 637 
26) 12 16 19 23 29 32 35 91 91 91 92 93 95 127 133 213 213 322 322 361 361 388 420 538 538 588 637 702 1724 739 3999 9599 945 818 702 825 730 9999 935 834 4152 2255 637 
27) 12 16 19 23 29 32 35 91 91 91 92 93 95 127 133 213 213 322 322 361 361 388 420 538 538 588 637 702 1724 739 3999 9599 945 818 702 825 730 9999 935 834 4152 2255 637 
28) 12 16 19 23 29 32 35 91 91 91 92 93 95 127 133 213 213 322 322 361 361 388 420 538 538 588 637 637 1724 739 3999 9599 945 818 702 825 730 9999 935 834 4152 2255 702 
29) 12 16 19 23 29 32 35 91 91 91 92 93 95 127 133 213 213 322 322 361 361 388 420 538 538 588 637 637 702 739 3999 9599 945 818 1724 825 730 9999 935 834 4152 2255 702 
30) 12 16 19 23 29 32 35 91 91 91 92 93 95 127 133 213 213 322 322 361 361 388 420 538 538 588 637 637 702 702 3999 9599 945 818 1724 825 730 9999 935 834 4152 2255 739 
31) 12 16 19 23 29 32 35 91 91 91 92 93 95 127 133 213 213 322 322 361 361 388 420 538 538 588 637 637 702 702 730 9599 945 818 1724 825 3999 9999 935 834 4152 2255 739 
32) 12 16 19 23 29 32 35 91 91 91 92 93 95 127 133 213 213 322 322 361 361 388 420 538 538 588 637 637 702 702 730 739 945 818 1724 825 3999 9999 935 834 4152 2255 9599 
33) 12 16 19 23 29 32 35 91 91 91 92 93 95 127 133 213 213 322 322 361 361 388 420 538 538 588 637 637 702 702 730 739 818 945 1724 825 3999 9999 935 834 4152 2255 9599 
34) 12 16 19 23 29 32 35 91 91 91 92 93 95 127 133 213 213 322 322 361 361 388 420 538 538 588 637 637 702 702 730 739 818 825 1724 945 3999 9999 935 834 4152 2255 9599 
35) 12 16 19 23 29 32 35 91 91 91 92 93 95 127 133 213 213 322 322 361 361 388 420 538 538 588 637 637 702 702 730 739 818 825 834 945 3999 9999 935 1724 4152 2255 9599 
36) 12 16 19 23 29 32 35 91 91 91 92 93 95 127 133 213 213 322 322 361 361 388 420 538 538 588 637 637 702 702 730 739 818 825 834 935 3999 9999 945 1724 4152 2255 9599 
37) 12 16 19 23 29 32 35 91 91 91 92 93 95 127 133 213 213 322 322 361 361 388 420 538 538 588 637 637 702 702 730 739 818 825 834 935 945 9999 3999 1724 4152 2255 9599 
38) 12 16 19 23 29 32 35 91 91 91 92 93 95 127 133 213 213 322 322 361 361 388 420 538 538 588 637 637 702 702 730 739 818 825 834 935 945 1724 3999 9999 4152 2255 9599 
39) 12 16 19 23 29 32 35 91 91 91 92 93 95 127 133 213 213 322 322 361 361 388 420 538 538 588 637 637 702 702 730 739 818 825 834 935 945 1724 2255 9999 4152 3999 9599 
40) 12 16 19 23 29 32 35 91 91 91 92 93 95 127 133 213 213 322 322 361 361 388 420 538 538 588 637 637 702 702 730 739 818 825 834 935 945 1724 2255 3999 4152 9999 9599 
41) 12 16 19 23 29 32 35 91 91 91 92 93 95 127 133 213 213 322 322 361 361 388 420 538 538 588 637 637 702 702 730 739 818 825 834 935 945 1724 2255 3999 4152 9999 9599 
42) 12 16 19 23 29 32 35 91 91 91 92 93 95 127 133 213 213 322 322 361 361 388 420 538 538 588 637 637 702 702 730 739 818 825 834 935 945 1724 2255 3999 4152 9599 9999 
