1) 91 322 702 12 9999 133 4152 213 23 1724 825 127 538 29 91 92 93 730 361 637 2255 213 388 91 322 739 16 702 95 588 3999 9599 945 818 19 420 538 32 935 834 35 361 637 
2) 91 322 702 12 133 9999 4152 213 23 1724 825 127 538 29 91 92 93 730 361 637 2255 213 388 91 322 739 16 702 95 588 3999 9599 945 818 19 420 538 32 935 834 35 361 637 
3) 91 322 702 12 133 4152 9999 213 23 1724 825 127 538 29 91 92 93 730 361 637 2255 213 388 91 322 739 16 702 95 588 3999 9599 945 818 19 420 538 32 935 834 35 361 637 
4) 91 322 702 12 133 4152 213 9999 23 1724 825 127 538 29 91 92 93 730 361 637 2255 213 388 91 322 739 16 702 95 588 3999 9599 945 818 19 420 538 32 935 834 35 361 637 
5) 91 322 702 12 133 4152 213 23 9999 1724 825 127 538 29 91 92 93 730 361 637 2255 213 388 91 322 739 16 702 95 588 3999 9599 945 818 19 420 538 32 935 834 35 361 637 
6) 91 322 702 12 133 4152 213 23 1724 9999 825 127 538 29 91 92 93 730 361 637 2255 213 388 91 322 739 16 702 95 588 3999 9599 945 818 19 420 538 32 935 834 35 361 637 
7) 91 322 702 12 133 4152 213 23 1724 825 9999 127 538 29 91 92 93 730 361 637 2255 213 388 91 322 739 16 702 95 588 3999 9599 945 818 19 420 538 32 935 834 35 361 637 
8) 91 322 702 12 133 4152 213 23 1724 825 127 9999 538 29 91 92 93 730 361 637 2255 213 388 91 322 739 16 702 95 588 3999 9599 945 818 19 420 538 32 935 834 35 361 637 
9) 91 322 702 12 133 4152 213 23 1724 825 127 538 9999 29 91 92 93 730 361 637 2255 213 388 91 322 739 16 702 95 588 3999 9599 945 818 19 420 538 32 935 834 35 361 637 
10) 91 322 702 12 133 4152 213 23 1724 825 127 538 29 9999 91 92 93 730 361 637 2255 213 388 91 322 739 16 702 95 588 3999 9599 945 818 19 420 538 32 935 834 35 361 637 
11) 91 322 702 12 133 4152 213 23 1724 825 127 538 29 91 9999 92 93 730 361 637 2255 213 388 91 322 739 16 702 95 588 3999 9599 945 818 19 420 538 32 935 834 35 361 637 
12) 91 322 702 12 133 4152 213 23 1724 825 127 538 29 91 92 9999 93 730 361 637 2255 213 388 91 322 739 16 702 95 588 3999 9599 945 818 19 420 538 32 935 834 35 361 637 
13) 91 322 702 12 133 4152 213 23 1724 825 127 538 29 91 92 93 9999 730 361 637 2255 213 388 91 322 739 16 702 95 588 3999 9599 945 818 19 420 538 32 935 834 35 361 637 
14) 91 322 702 12 133 4152 213 23 1724 825 127 538 29 91 92 93 730 9999 361 637 2255 213 388 91 322 739 16 702 95 588 3999 9599 945 818 19 420 538 32 935 834 35 361 637 
15) 91 322 702 12 133 4152 213 23 1724 825 127 538 29 91 92 93 730 361 9999 637 2255 213 388 91 322 739 16 702 95 588 3999 9599 945 818 19 420 538 32 935 834 35 361 637 
16) 91 322 702 12 133 4152 213 23 1724 825 127 538 29 91 92 93 730 361 637 9999 2255 213 388 91 322 739 16 702 95 588 3999 9599 945 818 19 420 538 32 935 834 35 361 637 
17) 91 322 702 12 133 4152 213 23 1724 825 127 538 29 91 92 93 730 361 637 2255 9999 213 388 91 322 739 16 702 95 588 3999 9599 945 818 19 420 538 32 935 834 35 361 637 
18) 91 322 702 12 133 4152 213 23 1724 825 127 538 29 91 92 93 730 361 637 2255 213 9999 388 91 322 739 16 702 95 588 3999 9599 945 818 19 420 538 32 935 834 35 361 637 
19) 91 322 702 12 133 4152 213 23 1724 825 127 538 29 91 92 93 730 361 637 2255 213 388 9999 91 322 739 16 702 95 588 3999 9599 945 818 19 420 538 32 935 834 35 361 637 
20) 91 322 702 12 133 4152 213 23 1724 825 127 538 29 91 92 93 730 361 637 2255 213 388 91 9999 322 739 16 702 95 588 3999 9599 945 818 19 420 538 32 935 834 35 361 637 
21) 91 322 702 12 133 4152 213 23 1724 825 127 538 29 91 92 93 730 361 637 2255 213 388 91 322 9999 739 16 702 95 588 3999 9599 945 818 19 420 538 32 935 834 35 361 637 
22) 91 322 702 12 133 4152 213 23 1724 825 127 538 29 91 92 93 730 361 637 2255 213 388 91 322 739 9999 16 702 95 588 3999 9599 945 818 19 420 538 32 935 834 35 361 637 
23) 91 322 702 12 133 4152 213 23 1724 825 127 538 29 91 92 93 730 361 637 2255 213 388 91 322 739 16 9999 702 95 588 3999 9599 945 818 19 420 538 32 935 834 35 361 637 
24) 91 322 702 12 133 4152 213 23 1724 825 127 538 29 91 92 93 730 361 637 2255 213 388 91 322 739 16 702 9999 95 588 3999 9599 945 818 19 420 538 32 935 834 35 361 637 
25) 91 322 702 12 133 4152 213 23 1724 825 127 538 29 91 92 93 730 361 637 2255 213 388 91 322 739 16 702 95 9999 588 3999 9599 945 818 19 420 538 32 935 834 35 361 637 
26) 91 322 702 12 133 4152 213 23 1724 825 127 538 29 91 92 93 730 361 637 2255 213 388 91 322 739 16 702 95 588 9999 3999 9599 945 818 19 420 538 32 935 834 35 361 637 
27) 91 322 702 12 133 4152 213 23 1724 825 127 538 29 91 92 93 730 361 637 2255 213 388 91 322 739 16 702 95 588 3999 9999 9599 945 818 19 420 538 32 935 834 35 361 637 
28) 91 322 702 12 133 4152 213 23 1724 825 127 538 29 91 92 93 730 361 637 2255 213 388 91 322 739 16 702 95 588 3999 9599 9999 945 818 19 420 538 32 935 834 35 361 637 
29) 91 322 702 12 133 4152 213 23 1724 825 127 538 29 91 92 93 730 361 637 2255 213 388 91 322 739 16 702 95 588 3999 9599 945 9999 818 19 420 538 32 935 834 35 361 637 
30) 91 322 702 12 133 4152 213 23 1724 825 127 538 29 91 92 93 730 361 637 2255 213 388 91 322 739 16 702 95 588 3999 9599 945 818 9999 19 420 538 32 935 834 35 361 637 
31) 91 322 702 12 133 4152 213 23 1724 825 127 538 29 91 92 93 730 361 637 2255 213 388 91 322 739 16 702 95 588 3999 9599 945 818 19 9999 420 538 32 935 834 35 361 637 
32) 91 322 702 12 133 4152 213 23 1724 825 127 538 29 91 92 93 730 361 637 2255 213 388 91 322 739 16 702 95 588 3999 9599 945 818 19 420 9999 538 32 935 834 35 361 637 
33) 91 322 702 12 133 4152 213 23 1724 825 127 538 29 91 92 93 730 361 637 2255 213 388 91 322 739 16 702 95 588 3999 9599 945 818 19 420 538 9999 32 935 834 35 361 637 
34) 91 322 702 12 133 4152 213 23 1724 825 127 538 29 91 92 93 730 361 637 2255 213 388 91 322 739 16 702 95 588 3999 9599 945 818 19 420 538 32 9999 935 834 35 361 637 
35) 91 322 702 12 133 4152 213 23 1724 825 127 538 29 91 92 93 730 361 637 2255 213 388 91 322 739 16 702 95 588 3999 9599 945 818 19 420 538 32 935 9999 834 35 361 637 
36) 91 322 702 12 133 4152 213 23 1724 825 127 538 29 91 92 93 730 361 637 2255 213 388 91 322 739 16 702 95 588 3999 9599 945 818 19 420 538 32 935 834 9999 35 361 637 
37) 91 322 702 12 133 4152 213 23 1724 825 127 538 29 91 92 93 730 361 637 2255 213 388 91 322 739 16 702 95 588 3999 9599 945 818 19 420 538 32 935 834 35 9999 361 637 
38) 91 322 702 12 133 4152 213 23 1724 825 127 538 29 91 92 93 730 361 637 2255 213 388 91 322 739 16 702 95 588 3999 9599 945 818 19 420 538 32 935 834 35 361 9999 637 
39) 91 322 702 12 133 4152 213 23 1724 825 127 538 29 91 92 93 730 361 637 2255 213 388 91 322 739 16 702 95 588 3999 9599 945 818 19 420 538 32 935 834 35 361 637 9999 
40) 91 322 12 702 133 4152 213 23 1724 825 127 538 29 91 92 93 730 361 637 2255 213 388 91 322 739 16 702 95 588 3999 9599 945 818 19 420 538 32 935 834 35 361 637 9999 
41) 91 322 12 133 702 4152 213 23 1724 825 127 538 29 91 92 93 730 361 637 2255 213 388 91 322 739 16 702 95 588 3999 9599 945 818 19 420 538 32 935 834 35 361 637 9999 
42) 91 322 12 133 702 213 4152 23 1724 825 127 538 29 91 92 93 730 361 637 2255 213 388 91 322 739 16 702 95 588 3999 9599 945 818 19 420 538 32 935 834 35 361 637 9999 
43) 91 322 12 133 702 213 23 4152 1724 825 127 538 29 91 92 93 730 361 637 2255 213 388 91 322 739 16 702 95 588 3999 9599 945 818 19 420 538 32 935 834 35 361 637 9999 
44) 91 322 12 133 702 213 23 1724 4152 825 127 538 29 91 92 93 730 361 637 2255 213 388 91 322 739 16 702 95 588 3999 9599 945 818 19 420 538 32 935 834 35 361 637 9999 
45) 91 322 12 133 702 213 23 1724 825 4152 127 538 29 91 92 93 730 361 637 2255 213 388 91 322 739 16 702 95 588 3999 9599 945 818 19 420 538 32 935 834 35 361 637 9999 
46) 91 322 12 133 702 213 23 1724 825 127 4152 538 29 91 92 93 730 361 637 2255 213 388 91 322 739 16 702 95 588 3999 9599 945 818 19 420 538 32 935 834 35 361 637 9999 
47) 91 322 12 133 702 213 23 1724 825 127 538 4152 29 91 92 93 730 361 637 2255 213 388 91 322 739 16 702 95 588 3999 9599 945 818 19 420 538 32 935 834 35 361 637 9999 
48) 91 322 12 133 702 213 23 1724 825 127 538 29 4152 91 92 93 730 361 637 2255 213 388 91 322 739 16 702 95 588 3999 9599 945 818 19 420 538 32 935 834 35 361 637 9999 
49) 91 322 12 133 702 213 23 1724 825 127 538 29 91 4152 92 93 730 361 637 2255 213 388 91 322 739 16 702 95 588 3999 9599 945 818 19 420 538 32 935 834 35 361 637 9999 
50) 91 322 12 133 702 213 23 1724 825 127 538 29 91 92 4152 93 730 361 637 2255 213 388 91 322 739 16 702 95 588 3999 9599 945 818 19 420 538 32 935 834 35 361 637 9999 
51) 91 322 12 133 702 213 23 1724 825 127 538 29 91 92 93 4152 730 361 637 2255 213 388 91 322 739 16 702 95 588 3999 9599 945 818 19 420 538 32 935 834 35 361 637 9999 
52) 91 322 12 133 702 213 23 1724 825 127 538 29 91 92 93 730 4152 361 637 2255 213 388 91 322 739 16 702 95 588 3999 9599 945 818 19 420 538 32 935 834 35 361 637 9999 
53) 91 322 12 133 702 213 23 1724 825 127 538 29 91 92 93 730 361 4152 637 2255 213 388 91 322 739 16 702 95 588 3999 9599 945 818 19 420 538 32 935 834 35 361 637 9999 
54) 91 322 12 133 702 213 23 1724 825 127 538 29 91 92 93 730 361 637 4152 2255 213 388 91 322 739 16 702 95 588 3999 9599 945 818 19 420 538 32 935 834 35 361 637 9999 
55) 91 322 12 133 702 213 23 1724 825 127 538 29 91 92 93 730 361 637 2255 4152 213 388 91 322 739 16 702 95 588 3999 9599 945 818 19 420 538 32 935 834 35 361 637 9999 
56) 91 322 12 133 702 213 23 1724 825 127 538 29 91 92 93 730 361 637 2255 213 4152 388 91 322 739 16 702 95 588 3999 9599 945 818 19 420 538 32 935 834 35 361 637 9999 
57) 91 322 12 133 702 213 23 1724 825 127 538 29 91 92 93 730 361 637 2255 213 388 4152 91 322 739 16 702 95 588 3999 9599 945 818 19 420 538 32 935 834 35 361 637 9999 
58) 91 322 12 133 702 213 23 1724 825 127 538 29 91 92 93 730 361 637 2255 213 388 91 4152 322 739 16 702 95 588 3999 9599 945 818 19 420 538 32 935 834 35 361 637 9999 
59) 91 322 12 133 702 213 23 1724 825 127 538 29 91 92 93 730 361 637 2255 213 388 91 322 4152 739 16 702 95 588 3999 9599 945 818 19 420 538 32 935 834 35 361 637 9999 
60) 91 322 12 133 702 213 23 1724 825 127 538 29 91 92 93 730 361 637 2255 213 388 91 322 739 4152 16 702 95 588 3999 9599 945 818 19 420 538 32 935 834 35 361 637 9999 
61) 91 322 12 133 702 213 23 1724 825 127 538 29 91 92 93 730 361 637 2255 213 388 91 322 739 16 4152 702 95 588 3999 9599 945 818 19 420 538 32 935 834 35 361 637 9999 
62) 91 322 12 133 702 213 23 1724 825 127 538 29 91 92 93 730 361 637 2255 213 388 91 322 739 16 702 4152 95 588 3999 9599 945 818 19 420 538 32 935 834 35 361 637 9999 
63) 91 322 12 133 702 213 23 1724 825 127 538 29 91 92 93 730 361 637 2255 213 388 91 322 739 16 702 95 4152 588 3999 9599 945 818 19 420 538 32 935 834 35 361 637 9999 
64) 91 322 12 133 702 213 23 1724 825 127 538 29 91 92 93 730 361 637 2255 213 388 91 322 739 16 702 95 588 4152 3999 9599 945 818 19 420 538 32 935 834 35 361 637 9999 
65) 91 322 12 133 702 213 23 1724 825 127 538 29 91 92 93 730 361 637 2255 213 388 91 322 739 16 702 95 588 3999 4152 9599 945 818 19 420 538 32 935 834 35 361 637 9999 
66) 91 322 12 133 702 213 23 1724 825 127 538 29 91 92 93 730 361 637 2255 213 388 91 322 739 16 702 95 588 3999 4152 945 9599 818 19 420 538 32 935 834 35 361 637 9999 
67) 91 322 12 133 702 213 23 1724 825 127 538 29 91 92 93 730 361 637 2255 213 388 91 322 739 16 702 95 588 3999 4152 945 818 9599 19 420 538 32 935 834 35 361 637 9999 
68) 91 322 12 133 702 213 23 1724 825 127 538 29 91 92 93 730 361 637 2255 213 388 91 322 739 16 702 95 588 3999 4152 945 818 19 9599 420 538 32 935 834 35 361 637 9999 
69) 91 322 12 133 702 213 23 1724 825 127 538 29 91 92 93 730 361 637 2255 213 388 91 322 739 16 702 95 588 3999 4152 945 818 19 420 9599 538 32 935 834 35 361 637 9999 
70) 91 322 12 133 702 213 23 1724 825 127 538 29 91 92 93 730 361 637 2255 213 388 91 322 739 16 702 95 588 3999 4152 945 818 19 420 538 9599 32 935 834 35 361 637 9999 
71) 91 322 12 133 702 213 23 1724 825 127 538 29 91 92 93 730 361 637 2255 213 388 91 322 739 16 702 95 588 3999 4152 945 818 19 420 538 32 9599 935 834 35 361 637 9999 
72) 91 322 12 133 702 213 23 1724 825 127 538 29 91 92 93 730 361 637 2255 213 388 91 322 739 16 702 95 588 3999 4152 945 818 19 420 538 32 935 9599 834 35 361 637 9999 
73) 91 322 12 133 702 213 23 1724 825 127 538 29 91 92 93 730 361 637 2255 213 388 91 322 739 16 702 95 588 3999 4152 945 818 19 420 538 32 935 834 9599 35 361 637 9999 
74) 91 322 12 133 702 213 23 1724 825 127 538 29 91 92 93 730 361 637 2255 213 388 91 322 739 16 702 95 588 3999 4152 945 818 19 420 538 32 935 834 35 9599 361 637 9999 
75) 91 322 12 133 702 213 23 1724 825 127 538 29 91 92 93 730 361 637 2255 213 388 91 322 739 16 702 95 588 3999 4152 945 818 19 420 538 32 935 834 35 361 9599 637 9999 
76) 91 322 12 133 702 213 23 1724 825 127 538 29 91 92 93 730 361 637 2255 213 388 91 322 739 16 702 95 588 3999 4152 945 818 19 420 538 32 935 834 35 361 637 9599 9999 
77) 91 12 322 133 702 213 23 1724 825 127 538 29 91 92 93 730 361 637 2255 213 388 91 322 739 16 702 95 588 3999 4152 945 818 19 420 538 32 935 834 35 361 637 9599 9999 
78) 91 12 133 322 702 213 23 1724 825 127 538 29 91 92 93 730 361 637 2255 213 388 91 322 739 16 702 95 588 3999 4152 945 818 19 420 538 32 935 834 35 361 637 9599 9999 
79) 91 12 133 322 213 702 23 1724 825 127 538 29 91 92 93 730 361 637 2255 213 388 91 322 739 16 702 95 588 3999 4152 945 818 19 420 538 32 935 834 35 361 637 9599 9999 
80) 91 12 133 322 213 23 702 1724 825 127 538 29 91 92 93 730 361 637 2255 213 388 91 322 739 16 702 95 588 3999 4152 945 818 19 420 538 32 935 834 35 361 637 9599 9999 
81) 91 12 133 322 213 23 702 825 1724 127 538 29 91 92 93 730 361 637 2255 213 388 91 322 739 16 702 95 588 3999 4152 945 818 19 420 538 32 935 834 35 361 637 9599 9999 
82) 91 12 133 322 213 23 702 825 127 1724 538 29 91 92 93 730 361 637 2255 213 388 91 322 739 16 702 95 588 3999 4152 945 818 19 420 538 32 935 834 35 361 637 9599 9999 
83) 91 12 133 322 213 23 702 825 127 538 1724 29 91 92 93 730 361 637 2255 213 388 91 322 739 16 702 95 588 3999 4152 945 818 19 420 538 32 935 834 35 361 637 9599 9999 
84) 91 12 133 322 213 23 702 825 127 538 29 1724 91 92 93 730 361 637 2255 213 388 91 322 739 16 702 95 588 3999 4152 945 818 19 420 538 32 935 834 35 361 637 9599 9999 
85) 91 12 133 322 213 23 702 825 127 538 29 91 1724 92 93 730 361 637 2255 213 388 91 322 739 16 702 95 588 3999 4152 945 818 19 420 538 32 935 834 35 361 637 9599 9999 
86) 91 12 133 322 213 23 702 825 127 538 29 91 92 1724 93 730 361 637 2255 213 388 91 322 739 16 702 95 588 3999 4152 945 818 19 420 538 32 935 834 35 361 637 9599 9999 
87) 91 12 133 322 213 23 702 825 127 538 29 91 92 93 1724 730 361 637 2255 213 388 91 322 739 16 702 95 588 3999 4152 945 818 19 420 538 32 935 834 35 361 637 9599 9999 
88) 91 12 133 322 213 23 702 825 127 538 29 91 92 93 730 1724 361 637 2255 213 388 91 322 739 16 702 95 588 3999 4152 945 818 19 420 538 32 935 834 35 361 637 9599 9999 
89) 91 12 133 322 213 23 702 825 127 538 29 91 92 93 730 361 1724 637 2255 213 388 91 322 739 16 702 95 588 3999 4152 945 818 19 420 538 32 935 834 35 361 637 9599 9999 
90) 91 12 133 322 213 23 702 825 127 538 29 91 92 93 730 361 637 1724 2255 213 388 91 322 739 16 702 95 588 3999 4152 945 818 19 420 538 32 935 834 35 361 637 9599 9999 
91) 91 12 133 322 213 23 702 825 127 538 29 91 92 93 730 361 637 1724 213 2255 388 91 322 739 16 702 95 588 3999 4152 945 818 19 420 538 32 935 834 35 361 637 9599 9999 
92) 91 12 133 322 213 23 702 825 127 538 29 91 92 93 730 361 637 1724 213 388 2255 91 322 739 16 702 95 588 3999 4152 945 818 19 420 538 32 935 834 35 361 637 9599 9999 
93) 91 12 133 322 213 23 702 825 127 538 29 91 92 93 730 361 637 1724 213 388 91 2255 322 739 16 702 95 588 3999 4152 945 818 19 420 538 32 935 834 35 361 637 9599 9999 
94) 91 12 133 322 213 23 702 825 127 538 29 91 92 93 730 361 637 1724 213 388 91 322 2255 739 16 702 95 588 3999 4152 945 818 19 420 538 32 935 834 35 361 637 9599 9999 
95) 91 12 133 322 213 23 702 825 127 538 29 91 92 93 730 361 637 1724 213 388 91 322 739 2255 16 702 95 588 3999 4152 945 818 19 420 538 32 935 834 35 361 637 9599 9999 
96) 91 12 133 322 213 23 702 825 127 538 29 91 92 93 730 361 637 1724 213 388 91 322 739 16 2255 702 95 588 3999 4152 945 818 19 420 538 32 935 834 35 361 637 9599 9999 
97) 91 12 133 322 213 23 702 825 127 538 29 91 92 93 730 361 637 1724 213 388 91 322 739 16 702 2255 95 588 3999 4152 945 818 19 420 538 32 935 834 35 361 637 9599 9999 
98) 91 12 133 322 213 23 702 825 127 538 29 91 92 93 730 361 637 1724 213 388 91 322 739 16 702 95 2255 588 3999 4152 945 818 19 420 538 32 935 834 35 361 637 9599 9999 
99) 91 12 133 322 213 23 702 825 127 538 29 91 92 93 730 361 637 1724 213 388 91 322 739 16 702 95 588 2255 3999 4152 945 818 19 420 538 32 935 834 35 361 637 9599 9999 
100) 91 12 133 322 213 23 702 825 127 538 29 91 92 93 730 361 637 1724 213 388 91 322 739 16 702 95 588 2255 3999 945 4152 818 19 420 538 32 935 834 35 361 637 9599 9999 
101) 91 12 133 322 213 23 702 825 127 538 29 91 92 93 730 361 637 1724 213 388 91 322 739 16 702 95 588 2255 3999 945 818 4152 19 420 538 32 935 834 35 361 637 9599 9999 
102) 91 12 133 322 213 23 702 825 127 538 29 91 92 93 730 361 637 1724 213 388 91 322 739 16 702 95 588 2255 3999 945 818 19 4152 420 538 32 935 834 35 361 637 9599 9999 
103) 91 12 133 322 213 23 702 825 127 538 29 91 92 93 730 361 637 1724 213 388 91 322 739 16 702 95 588 2255 3999 945 818 19 420 4152 538 32 935 834 35 361 637 9599 9999 
104) 91 12 133 322 213 23 702 825 127 538 29 91 92 93 730 361 637 1724 213 388 91 322 739 16 702 95 588 2255 3999 945 818 19 420 538 4152 32 935 834 35 361 637 9599 9999 
105) 91 12 133 322 213 23 702 825 127 538 29 91 92 93 730 361 637 1724 213 388 91 322 739 16 702 95 588 2255 3999 945 818 19 420 538 32 4152 935 834 35 361 637 9599 9999 
106) 91 12 133 322 213 23 702 825 127 538 29 91 92 93 730 361 637 1724 213 388 91 322 739 16 702 95 588 2255 3999 945 818 19 420 538 32 935 4152 834 35 361 637 9599 9999 
107) 91 12 133 322 213 23 702 825 127 538 29 91 92 93 730 361 637 1724 213 388 91 322 739 16 702 95 588 2255 3999 945 818 19 420 538 32 935 834 4152 35 361 637 9599 9999 
108) 91 12 133 322 213 23 702 825 127 538 29 91 92 93 730 361 637 1724 213 388 91 322 739 16 702 95 588 2255 3999 945 818 19 420 538 32 935 834 35 4152 361 637 9599 9999 
109) 91 12 133 322 213 23 702 825 127 538 29 91 92 93 730 361 637 1724 213 388 91 322 739 16 702 95 588 2255 3999 945 818 19 420 538 32 935 834 35 361 4152 637 9599 9999 
110) 91 12 133 322 213 23 702 825 127 538 29 91 92 93 730 361 637 1724 213 388 91 322 739 16 702 95 588 2255 3999 945 818 19 420 538 32 935 834 35 361 637 4152 9599 9999 
111) 12 91 133 322 213 23 702 825 127 538 29 91 92 93 730 361 637 1724 213 388 91 322 739 16 702 95 588 2255 3999 945 818 19 420 538 32 935 834 35 361 637 4152 9599 9999 
112) 12 91 133 213 322 23 702 825 127 538 29 91 92 93 730 361 637 1724 213 388 91 322 739 16 702 95 588 2255 3999 945 818 19 420 538 32 935 834 35 361 637 4152 9599 9999 
113) 12 91 133 213 23 322 702 825 127 538 29 91 92 93 730 361 637 1724 213 388 91 322 739 16 702 95 588 2255 3999 945 818 19 420 538 32 935 834 35 361 637 4152 9599 9999 
114) 12 91 133 213 23 322 702 127 825 538 29 91 92 93 730 361 637 1724 213 388 91 322 739 16 702 95 588 2255 3999 945 818 19 420 538 32 935 834 35 361 637 4152 9599 9999 
115) 12 91 133 213 23 322 702 127 538 825 29 91 92 93 730 361 637 1724 213 388 91 322 739 16 702 95 588 2255 3999 945 818 19 420 538 32 935 834 35 361 637 4152 9599 9999 
116) 12 91 133 213 23 322 702 127 538 29 825 91 92 93 730 361 637 1724 213 388 91 322 739 16 702 95 588 2255 3999 945 818 19 420 538 32 935 834 35 361 637 4152 9599 9999 
117) 12 91 133 213 23 322 702 127 538 29 91 825 92 93 730 361 637 1724 213 388 91 322 739 16 702 95 588 2255 3999 945 818 19 420 538 32 935 834 35 361 637 4152 9599 9999 
118) 12 91 133 213 23 322 702 127 538 29 91 92 825 93 730 361 637 1724 213 388 91 322 739 16 702 95 588 2255 3999 945 818 19 420 538 32 935 834 35 361 637 4152 9599 9999 
119) 12 91 133 213 23 322 702 127 538 29 91 92 93 825 730 361 637 1724 213 388 91 322 739 16 702 95 588 2255 3999 945 818 19 420 538 32 935 834 35 361 637 4152 9599 9999 
120) 12 91 133 213 23 322 702 127 538 29 91 92 93 730 825 361 637 1724 213 388 91 322 739 16 702 95 588 2255 3999 945 818 19 420 538 32 935 834 35 361 637 4152 9599 9999 
121) 12 91 133 213 23 322 702 127 538 29 91 92 93 730 361 825 637 1724 213 388 91 322 739 16 702 95 588 2255 3999 945 818 19 420 538 32 935 834 35 361 637 4152 9599 9999 
122) 12 91 133 213 23 322 702 127 538 29 91 92 93 730 361 637 825 1724 213 388 91 322 739 16 702 95 588 2255 3999 945 818 19 420 538 32 935 834 35 361 637 4152 9599 9999 
123) 12 91 133 213 23 322 702 127 538 29 91 92 93 730 361 637 825 213 1724 388 91 322 739 16 702 95 588 2255 3999 945 818 19 420 538 32 935 834 35 361 637 4152 9599 9999 
124) 12 91 133 213 23 322 702 127 538 29 91 92 93 730 361 637 825 213 388 1724 91 322 739 16 702 95 588 2255 3999 945 818 19 420 538 32 935 834 35 361 637 4152 9599 9999 
125) 12 91 133 213 23 322 702 127 538 29 91 92 93 730 361 637 825 213 388 91 1724 322 739 16 702 95 588 2255 3999 945 818 19 420 538 32 935 834 35 361 637 4152 9599 9999 
126) 12 91 133 213 23 322 702 127 538 29 91 92 93 730 361 637 825 213 388 91 322 1724 739 16 702 95 588 2255 3999 945 818 19 420 538 32 935 834 35 361 637 4152 9599 9999 
127) 12 91 133 213 23 322 702 127 538 29 91 92 93 730 361 637 825 213 388 91 322 739 1724 16 702 95 588 2255 3999 945 818 19 420 538 32 935 834 35 361 637 4152 9599 9999 
128) 12 91 133 213 23 322 702 127 538 29 91 92 93 730 361 637 825 213 388 91 322 739 16 1724 702 95 588 2255 3999 945 818 19 420 538 32 935 834 35 361 637 4152 9599 9999 
129) 12 91 133 213 23 322 702 127 538 29 91 92 93 730 361 637 825 213 388 91 322 739 16 702 1724 95 588 2255 3999 945 818 19 420 538 32 935 834 35 361 637 4152 9599 9999 
130) 12 91 133 213 23 322 702 127 538 29 91 92 93 730 361 637 825 213 388 91 322 739 16 702 95 1724 588 2255 3999 945 818 19 420 538 32 935 834 35 361 637 4152 9599 9999 
131) 12 91 133 213 23 322 702 127 538 29 91 92 93 730 361 637 825 213 388 91 322 739 16 702 95 588 1724 2255 3999 945 818 19 420 538 32 935 834 35 361 637 4152 9599 9999 
132) 12 91 133 213 23 322 702 127 538 29 91 92 93 730 361 637 825 213 388 91 322 739 16 702 95 588 1724 2255 945 3999 818 19 420 538 32 935 834 35 361 637 4152 9599 9999 
133) 12 91 133 213 23 322 702 127 538 29 91 92 93 730 361 637 825 213 388 91 322 739 16 702 95 588 1724 2255 945 818 3999 19 420 538 32 935 834 35 361 637 4152 9599 9999 
134) 12 91 133 213 23 322 702 127 538 29 91 92 93 730 361 637 825 213 388 91 322 739 16 702 95 588 1724 2255 945 818 19 3999 420 538 32 935 834 35 361 637 4152 9599 9999 
135) 12 91 133 213 23 322 702 127 538 29 91 92 93 730 361 637 825 213 388 91 322 739 16 702 95 588 1724 2255 945 818 19 420 3999 538 32 935 834 35 361 637 4152 9599 9999 
136) 12 91 133 213 23 322 702 127 538 29 91 92 93 730 361 637 825 213 388 91 322 739 16 702 95 588 1724 2255 945 818 19 420 538 3999 32 935 834 35 361 637 4152 9599 9999 
137) 12 91 133 213 23 322 702 127 538 29 91 92 93 730 361 637 825 213 388 91 322 739 16 702 95 588 1724 2255 945 818 19 420 538 32 3999 935 834 35 361 637 4152 9599 9999 
138) 12 91 133 213 23 322 702 127 538 29 91 92 93 730 361 637 825 213 388 91 322 739 16 702 95 588 1724 2255 945 818 19 420 538 32 935 3999 834 35 361 637 4152 9599 9999 
139) 12 91 133 213 23 322 702 127 538 29 91 92 93 730 361 637 825 213 388 91 322 739 16 702 95 588 1724 2255 945 818 19 420 538 32 935 834 3999 35 361 637 4152 9599 9999 
140) 12 91 133 213 23 322 702 127 538 29 91 92 93 730 361 637 825 213 388 91 322 739 16 702 95 588 1724 2255 945 818 19 420 538 32 935 834 35 3999 361 637 4152 9599 9999 
141) 12 91 133 213 23 322 702 127 538 29 91 92 93 730 361 637 825 213 388 91 322 739 16 702 95 588 1724 2255 945 818 19 420 538 32 935 834 35 361 3999 637 4152 9599 9999 
142) 12 91 133 213 23 322 702 127 538 29 91 92 93 730 361 637 825 213 388 91 322 739 16 702 95 588 1724 2255 945 818 19 420 538 32 935 834 35 361 637 3999 4152 9599 9999 
143) 12 91 133 23 213 322 702 127 538 29 91 92 93 730 361 637 825 213 388 91 322 739 16 702 95 588 1724 2255 945 818 19 420 538 32 935 834 35 361 637 3999 4152 9599 9999 
144) 12 91 133 23 213 322 127 702 538 29 91 92 93 730 361 637 825 213 388 91 322 739 16 702 95 588 1724 2255 945 818 19 420 538 32 935 834 35 361 637 3999 4152 9599 9999 
145) 12 91 133 23 213 322 127 538 702 29 91 92 93 730 361 637 825 213 388 91 322 739 16 702 95 588 1724 2255 945 818 19 420 538 32 935 834 35 361 637 3999 4152 9599 9999 
146) 12 91 133 23 213 322 127 538 29 702 91 92 93 730 361 637 825 213 388 91 322 739 16 702 95 588 1724 2255 945 818 19 420 538 32 935 834 35 361 637 3999 4152 9599 9999 
147) 12 91 133 23 213 322 127 538 29 91 702 92 93 730 361 637 825 213 388 91 322 739 16 702 95 588 1724 2255 945 818 19 420 538 32 935 834 35 361 637 3999 4152 9599 9999 
148) 12 91 133 23 213 322 127 538 29 91 92 702 93 730 361 637 825 213 388 91 322 739 16 702 95 588 1724 2255 945 818 19 420 538 32 935 834 35 361 637 3999 4152 9599 9999 
149) 12 91 133 23 213 322 127 538 29 91 92 93 702 730 361 637 825 213 388 91 322 739 16 702 95 588 1724 2255 945 818 19 420 538 32 935 834 35 361 637 3999 4152 9599 9999 
150) 12 91 133 23 213 322 127 538 29 91 92 93 702 361 730 637 825 213 388 91 322 739 16 702 95 588 1724 2255 945 818 19 420 538 32 935 834 35 361 637 3999 4152 9599 9999 
151) 12 91 133 23 213 322 127 538 29 91 92 93 702 361 637 730 825 213 388 91 322 739 16 702 95 588 1724 2255 945 818 19 420 538 32 935 834 35 361 637 3999 4152 9599 9999 
152) 12 91 133 23 213 322 127 538 29 91 92 93 702 361 637 730 213 825 388 91 322 739 16 702 95 588 1724 2255 945 818 19 420 538 32 935 834 35 361 637 3999 4152 9599 9999 
153) 12 91 133 23 213 322 127 538 29 91 92 93 702 361 637 730 213 388 825 91 322 739 16 702 95 588 1724 2255 945 818 19 420 538 32 935 834 35 361 637 3999 4152 9599 9999 
154) 12 91 133 23 213 322 127 538 29 91 92 93 702 361 637 730 213 388 91 825 322 739 16 702 95 588 1724 2255 945 818 19 420 538 32 935 834 35 361 637 3999 4152 9599 9999 
155) 12 91 133 23 213 322 127 538 29 91 92 93 702 361 637 730 213 388 91 322 825 739 16 702 95 588 1724 2255 945 818 19 420 538 32 935 834 35 361 637 3999 4152 9599 9999 
156) 12 91 133 23 213 322 127 538 29 91 92 93 702 361 637 730 213 388 91 322 739 825 16 702 95 588 1724 2255 945 818 19 420 538 32 935 834 35 361 637 3999 4152 9599 9999 
157) 12 91 133 23 213 322 127 538 29 91 92 93 702 361 637 730 213 388 91 322 739 16 825 702 95 588 1724 2255 945 818 19 420 538 32 935 834 35 361 637 3999 4152 9599 9999 
158) 12 91 133 23 213 322 127 538 29 91 92 93 702 361 637 730 213 388 91 322 739 16 702 825 95 588 1724 2255 945 818 19 420 538 32 935 834 35 361 637 3999 4152 9599 9999 
159) 12 91 133 23 213 322 127 538 29 91 92 93 702 361 637 730 213 388 91 322 739 16 702 95 825 588 1724 2255 945 818 19 420 538 32 935 834 35 361 637 3999 4152 9599 9999 
160) 12 91 133 23 213 322 127 538 29 91 92 93 702 361 637 730 213 388 91 322 739 16 702 95 588 825 1724 2255 945 818 19 420 538 32 935 834 35 361 637 3999 4152 9599 9999 
161) 12 91 133 23 213 322 127 538 29 91 92 93 702 361 637 730 213 388 91 322 739 16 702 95 588 825 1724 945 2255 818 19 420 538 32 935 834 35 361 637 3999 4152 9599 9999 
162) 12 91 133 23 213 322 127 538 29 91 92 93 702 361 637 730 213 388 91 322 739 16 702 95 588 825 1724 945 818 2255 19 420 538 32 935 834 35 361 637 3999 4152 9599 9999 
163) 12 91 133 23 213 322 127 538 29 91 92 93 702 361 637 730 213 388 91 322 739 16 702 95 588 825 1724 945 818 19 2255 420 538 32 935 834 35 361 637 3999 4152 9599 9999 
164) 12 91 133 23 213 322 127 538 29 91 92 93 702 361 637 730 213 388 91 322 739 16 702 95 588 825 1724 945 818 19 420 2255 538 32 935 834 35 361 637 3999 4152 9599 9999 
165) 12 91 133 23 213 322 127 538 29 91 92 93 702 361 637 730 213 388 91 322 739 16 702 95 588 825 1724 945 818 19 420 538 2255 32 935 834 35 361 637 3999 4152 9599 9999 
166) 12 91 133 23 213 322 127 538 29 91 92 93 702 361 637 730 213 388 91 322 739 16 702 95 588 825 1724 945 818 19 420 538 32 2255 935 834 35 361 637 3999 4152 9599 9999 
167) 12 91 133 23 213 322 127 538 29 91 92 93 702 361 637 730 213 388 91 322 739 16 702 95 588 825 1724 945 818 19 420 538 32 935 2255 834 35 361 637 3999 4152 9599 9999 
168) 12 91 133 23 213 322 127 538 29 91 92 93 702 361 637 730 213 388 91 322 739 16 702 95 588 825 1724 945 818 19 420 538 32 935 834 2255 35 361 637 3999 4152 9599 9999 
169) 12 91 133 23 213 322 127 538 29 91 92 93 702 361 637 730 213 388 91 322 739 16 702 95 588 825 1724 945 818 19 420 538 32 935 834 35 2255 361 637 3999 4152 9599 9999 
170) 12 91 133 23 213 322 127 538 29 91 92 93 702 361 637 730 213 388 91 322 739 16 702 95 588 825 1724 945 818 19 420 538 32 935 834 35 361 2255 637 3999 4152 9599 9999 
171) 12 91 133 23 213 322 127 538 29 91 92 93 702 361 637 730 213 388 91 322 739 16 702 95 588 825 1724 945 818 19 420 538 32 935 834 35 361 637 2255 3999 4152 9599 9999 
172) 12 91 23 133 213 322 127 538 29 91 92 93 702 361 637 730 213 388 91 322 739 16 702 95 588 825 1724 945 818 19 420 538 32 935 834 35 361 637 2255 3999 4152 9599 9999 
173) 12 91 23 133 213 127 322 538 29 91 92 93 702 361 637 730 213 388 91 322 739 16 702 95 588 825 1724 945 818 19 420 538 32 935 834 35 361 637 2255 3999 4152 9599 9999 
174) 12 91 23 133 213 127 322 29 538 91 92 93 702 361 637 730 213 388 91 322 739 16 702 95 588 825 1724 945 818 19 420 538 32 935 834 35 361 637 2255 3999 4152 9599 9999 
175) 12 91 23 133 213 127 322 29 91 538 92 93 702 361 637 730 213 388 91 322 739 16 702 95 588 825 1724 945 818 19 420 538 32 935 834 35 361 637 2255 3999 4152 9599 9999 
176) 12 91 23 133 213 127 322 29 91 92 538 93 702 361 637 730 213 388 91 322 739 16 702 95 588 825 1724 945 818 19 420 538 32 935 834 35 361 637 2255 3999 4152 9599 9999 
177) 12 91 23 133 213 127 322 29 91 92 93 538 702 361 637 730 213 388 91 322 739 16 702 95 588 825 1724 945 818 19 420 538 32 935 834 35 361 637 2255 3999 4152 9599 9999 
178) 12 91 23 133 213 127 322 29 91 92 93 538 361 702 637 730 213 388 91 322 739 16 702 95 588 825 1724 945 818 19 420 538 32 935 834 35 361 637 2255 3999 4152 9599 9999 
179) 12 91 23 133 213 127 322 29 91 92 93 538 361 637 702 730 213 388 91 322 739 16 702 95 588 825 1724 945 818 19 420 538 32 935 834 35 361 637 2255 3999 4152 9599 9999 
180) 12 91 23 133 213 127 322 29 91 92 93 538 361 637 702 213 730 388 91 322 739 16 702 95 588 825 1724 945 818 19 420 538 32 935 834 35 361 637 2255 3999 4152 9599 9999 
181) 12 91 23 133 213 127 322 29 91 92 93 538 361 637 702 213 388 730 91 322 739 16 702 95 588 825 1724 945 818 19 420 538 32 935 834 35 361 637 2255 3999 4152 9599 9999 
182) 12 91 23 133 213 127 322 29 91 92 93 538 361 637 702 213 388 91 730 322 739 16 702 95 588 825 1724 945 818 19 420 538 32 935 834 35 361 637 2255 3999 4152 9599 9999 
183) 12 91 23 133 213 127 322 29 91 92 93 538 361 637 702 213 388 91 322 730 739 16 702 95 588 825 1724 945 818 19 420 538 32 935 834 35 361 637 2255 3999 4152 9599 9999 
184) 12 91 23 133 213 127 322 29 91 92 93 538 361 637 702 213 388 91 322 730 16 739 702 95 588 825 1724 945 818 19 420 538 32 935 834 35 361 637 2255 3999 4152 9599 9999 
185) 12 91 23 133 213 127 322 29 91 92 93 538 361 637 702 213 388 91 322 730 16 702 739 95 588 825 1724 945 818 19 420 538 32 935 834 35 361 637 2255 3999 4152 9599 9999 
186) 12 91 23 133 213 127 322 29 91 92 93 538 361 637 702 213 388 91 322 730 16 702 95 739 588 825 1724 945 818 19 420 538 32 935 834 35 361 637 2255 3999 4152 9599 9999 
187) 12 91 23 133 213 127 322 29 91 92 93 538 361 637 702 213 388 91 322 730 16 702 95 588 739 825 1724 945 818 19 420 538 32 935 834 35 361 637 2255 3999 4152 9599 9999 
188) 12 91 23 133 213 127 322 29 91 92 93 538 361 637 702 213 388 91 322 730 16 702 95 588 739 825 945 1724 818 19 420 538 32 935 834 35 361 637 2255 3999 4152 9599 9999 
189) 12 91 23 133 213 127 322 29 91 92 93 538 361 637 702 213 388 91 322 730 16 702 95 588 739 825 945 818 1724 19 420 538 32 935 834 35 361 637 2255 3999 4152 9599 9999 
190) 12 91 23 133 213 127 322 29 91 92 93 538 361 637 702 213 388 91 322 730 16 702 95 588 739 825 945 818 19 1724 420 538 32 935 834 35 361 637 2255 3999 4152 9599 9999 
191) 12 91 23 133 213 127 322 29 91 92 93 538 361 637 702 213 388 91 322 730 16 702 95 588 739 825 945 818 19 420 1724 538 32 935 834 35 361 637 2255 3999 4152 9599 9999 
192) 12 91 23 133 213 127 322 29 91 92 93 538 361 637 702 213 388 91 322 730 16 702 95 588 739 825 945 818 19 420 538 1724 32 935 834 35 361 637 2255 3999 4152 9599 9999 
193) 12 91 23 133 213 127 322 29 91 92 93 538 361 637 702 213 388 91 322 730 16 702 95 588 739 825 945 818 19 420 538 32 1724 935 834 35 361 637 2255 3999 4152 9599 9999 
194) 12 91 23 133 213 127 322 29 91 92 93 538 361 637 702 213 388 91 322 730 16 702 95 588 739 825 945 818 19 420 538 32 935 1724 834 35 361 637 2255 3999 4152 9599 9999 
195) 12 91 23 133 213 127 322 29 91 92 93 538 361 637 702 213 388 91 322 730 16 702 95 588 739 825 945 818 19 420 538 32 935 834 1724 35 361 637 2255 3999 4152 9599 9999 
196) 12 91 23 133 213 127 322 29 91 92 93 538 361 637 702 213 388 91 322 730 16 702 95 588 739 825 945 818 19 420 538 32 935 834 35 1724 361 637 2255 3999 4152 9599 9999 
197) 12 91 23 133 213 127 322 29 91 92 93 538 361 637 702 213 388 91 322 730 16 702 95 588 739 825 945 818 19 420 538 32 935 834 35 361 1724 637 2255 3999 4152 9599 9999 
198) 12 91 23 133 213 127 322 29 91 92 93 538 361 637 702 213 388 91 322 730 16 702 95 588 739 825 945 818 19 420 538 32 935 834 35 361 637 1724 2255 3999 4152 9599 9999 
199) 12 23 91 133 213 127 322 29 91 92 93 538 361 637 702 213 388 91 322 730 16 702 95 588 739 825 945 818 19 420 538 32 935 834 35 361 637 1724 2255 3999 4152 9599 9999 
200) 12 23 91 133 127 213 322 29 91 92 93 538 361 637 702 213 388 91 322 730 16 702 95 588 739 825 945 818 19 420 538 32 935 834 35 361 637 1724 2255 3999 4152 9599 9999 
201) 12 23 91 133 127 213 29 322 91 92 93 538 361 637 702 213 388 91 322 730 16 702 95 588 739 825 945 818 19 420 538 32 935 834 35 361 637 1724 2255 3999 4152 9599 9999 
202) 12 23 91 133 127 213 29 91 322 92 93 538 361 637 702 213 388 91 322 730 16 702 95 588 739 825 945 818 19 420 538 32 935 834 35 361 637 1724 2255 3999 4152 9599 9999 
203) 12 23 91 133 127 213 29 91 92 322 93 538 361 637 702 213 388 91 322 730 16 702 95 588 739 825 945 818 19 420 538 32 935 834 35 361 637 1724 2255 3999 4152 9599 9999 
204) 12 23 91 133 127 213 29 91 92 93 322 538 361 637 702 213 388 91 322 730 16 702 95 588 739 825 945 818 19 420 538 32 935 834 35 361 637 1724 2255 3999 4152 9599 9999 
205) 12 23 91 133 127 213 29 91 92 93 322 361 538 637 702 213 388 91 322 730 16 702 95 588 739 825 945 818 19 420 538 32 935 834 35 361 637 1724 2255 3999 4152 9599 9999 
206) 12 23 91 133 127 213 29 91 92 93 322 361 538 637 213 702 388 91 322 730 16 702 95 588 739 825 945 818 19 420 538 32 935 834 35 361 637 1724 2255 3999 4152 9599 9999 
207) 12 23 91 133 127 213 29 91 92 93 322 361 538 637 213 388 702 91 322 730 16 702 95 588 739 825 945 818 19 420 538 32 935 834 35 361 637 1724 2255 3999 4152 9599 9999 
208) 12 23 91 133 127 213 29 91 92 93 322 361 538 637 213 388 91 702 322 730 16 702 95 588 739 825 945 818 19 420 538 32 935 834 35 361 637 1724 2255 3999 4152 9599 9999 
209) 12 23 91 133 127 213 29 91 92 93 322 361 538 637 213 388 91 322 702 730 16 702 95 588 739 825 945 818 19 420 538 32 935 834 35 361 637 1724 2255 3999 4152 9599 9999 
210) 12 23 91 133 127 213 29 91 92 93 322 361 538 637 213 388 91 322 702 16 730 702 95 588 739 825 945 818 19 420 538 32 935 834 35 361 637 1724 2255 3999 4152 9599 9999 
211) 12 23 91 133 127 213 29 91 92 93 322 361 538 637 213 388 91 322 702 16 702 730 95 588 739 825 945 818 19 420 538 32 935 834 35 361 637 1724 2255 3999 4152 9599 9999 
212) 12 23 91 133 127 213 29 91 92 93 322 361 538 637 213 388 91 322 702 16 702 95 730 588 739 825 945 818 19 420 538 32 935 834 35 361 637 1724 2255 3999 4152 9599 9999 
213) 12 23 91 133 127 213 29 91 92 93 322 361 538 637 213 388 91 322 702 16 702 95 588 730 739 825 945 818 19 420 538 32 935 834 35 361 637 1724 2255 3999 4152 9599 9999 
214) 12 23 91 133 127 213 29 91 92 93 322 361 538 637 213 388 91 322 702 16 702 95 588 730 739 825 818 945 19 420 538 32 935 834 35 361 637 1724 2255 3999 4152 9599 9999 
215) 12 23 91 133 127 213 29 91 92 93 322 361 538 637 213 388 91 322 702 16 702 95 588 730 739 825 818 19 945 420 538 32 935 834 35 361 637 1724 2255 3999 4152 9599 9999 
216) 12 23 91 133 127 213 29 91 92 93 322 361 538 637 213 388 91 322 702 16 702 95 588 730 739 825 818 19 420 945 538 32 935 834 35 361 637 1724 2255 3999 4152 9599 9999 
217) 12 23 91 133 127 213 29 91 92 93 322 361 538 637 213 388 91 322 702 16 702 95 588 730 739 825 818 19 420 538 945 32 935 834 35 361 637 1724 2255 3999 4152 9599 9999 
218) 12 23 91 133 127 213 29 91 92 93 322 361 538 637 213 388 91 322 702 16 702 95 588 730 739 825 818 19 420 538 32 945 935 834 35 361 637 1724 2255 3999 4152 9599 9999 
219) 12 23 91 133 127 213 29 91 92 93 322 361 538 637 213 388 91 322 702 16 702 95 588 730 739 825 818 19 420 538 32 935 945 834 35 361 637 1724 2255 3999 4152 9599 9999 
220) 12 23 91 133 127 213 29 91 92 93 322 361 538 637 213 388 91 322 702 16 702 95 588 730 739 825 818 19 420 538 32 935 834 945 35 361 637 1724 2255 3999 4152 9599 9999 
221) 12 23 91 133 127 213 29 91 92 93 322 361 538 637 213 388 91 322 702 16 702 95 588 730 739 825 818 19 420 538 32 935 834 35 945 361 637 1724 2255 3999 4152 9599 9999 
222) 12 23 91 133 127 213 29 91 92 93 322 361 538 637 213 388 91 322 702 16 702 95 588 730 739 825 818 19 420 538 32 935 834 35 361 945 637 1724 2255 3999 4152 9599 9999 
223) 12 23 91 133 127 213 29 91 92 93 322 361 538 637 213 388 91 322 702 16 702 95 588 730 739 825 818 19 420 538 32 935 834 35 361 637 945 1724 2255 3999 4152 9599 9999 
224) 12 23 91 127 133 213 29 91 92 93 322 361 538 637 213 388 91 322 702 16 702 95 588 730 739 825 818 19 420 538 32 935 834 35 361 637 945 1724 2255 3999 4152 9599 9999 
225) 12 23 91 127 133 29 213 91 92 93 322 361 538 637 213 388 91 322 702 16 702 95 588 730 739 825 818 19 420 538 32 935 834 35 361 637 945 1724 2255 3999 4152 9599 9999 
226) 12 23 91 127 133 29 91 213 92 93 322 361 538 637 213 388 91 322 702 16 702 95 588 730 739 825 818 19 420 538 32 935 834 35 361 637 945 1724 2255 3999 4152 9599 9999 
227) 12 23 91 127 133 29 91 92 213 93 322 361 538 637 213 388 91 322 702 16 702 95 588 730 739 825 818 19 420 538 32 935 834 35 361 637 945 1724 2255 3999 4152 9599 9999 
228) 12 23 91 127 133 29 91 92 93 213 322 361 538 637 213 388 91 322 702 16 702 95 588 730 739 825 818 19 420 538 32 935 834 35 361 637 945 1724 2255 3999 4152 9599 9999 
229) 12 23 91 127 133 29 91 92 93 213 322 361 538 213 637 388 91 322 702 16 702 95 588 730 739 825 818 19 420 538 32 935 834 35 361 637 945 1724 2255 3999 4152 9599 9999 
230) 12 23 91 127 133 29 91 92 93 213 322 361 538 213 388 637 91 322 702 16 702 95 588 730 739 825 818 19 420 538 32 935 834 35 361 637 945 1724 2255 3999 4152 9599 9999 
231) 12 23 91 127 133 29 91 92 93 213 322 361 538 213 388 91 637 322 702 16 702 95 588 730 739 825 818 19 420 538 32 935 834 35 361 637 945 1724 2255 3999 4152 9599 9999 
232) 12 23 91 127 133 29 91 92 93 213 322 361 538 213 388 91 322 637 702 16 702 95 588 730 739 825 818 19 420 538 32 935 834 35 361 637 945 1724 2255 3999 4152 9599 9999 
233) 12 23 91 127 133 29 91 92 93 213 322 361 538 213 388 91 322 637 16 702 702 95 588 730 739 825 818 19 420 538 32 935 834 35 361 637 945 1724 2255 3999 4152 9599 9999 
234) 12 23 91 127 133 29 91 92 93 213 322 361 538 213 388 91 322 637 16 702 95 702 588 730 739 825 818 19 420 538 32 935 834 35 361 637 945 1724 2255 3999 4152 9599 9999 
235) 12 23 91 127 133 29 91 92 93 213 322 361 538 213 388 91 322 637 16 702 95 588 702 730 739 825 818 19 420 538 32 935 834 35 361 637 945 1724 2255 3999 4152 9599 9999 
236) 12 23 91 127 133 29 91 92 93 213 322 361 538 213 388 91 322 637 16 702 95 588 702 730 739 818 825 19 420 538 32 935 834 35 361 637 945 1724 2255 3999 4152 9599 9999 
237) 12 23 91 127 133 29 91 92 93 213 322 361 538 213 388 91 322 637 16 702 95 588 702 730 739 818 19 825 420 538 32 935 834 35 361 637 945 1724 2255 3999 4152 9599 9999 
238) 12 23 91 127 133 29 91 92 93 213 322 361 538 213 388 91 322 637 16 702 95 588 702 730 739 818 19 420 825 538 32 935 834 35 361 637 945 1724 2255 3999 4152 9599 9999 
239) 12 23 91 127 133 29 91 92 93 213 322 361 538 213 388 91 322 637 16 702 95 588 702 730 739 818 19 420 538 825 32 935 834 35 361 637 945 1724 2255 3999 4152 9599 9999 
240) 12 23 91 127 133 29 91 92 93 213 322 361 538 213 388 91 322 637 16 702 95 588 702 730 739 818 19 420 538 32 825 935 834 35 361 637 945 1724 2255 3999 4152 9599 9999 
241) 12 23 91 127 133 29 91 92 93 213 322 361 538 213 388 91 322 637 16 702 95 588 702 730 739 818 19 420 538 32 825 834 935 35 361 637 945 1724 2255 3999 4152 9599 9999 
242) 12 23 91 127 133 29 91 92 93 213 322 361 538 213 388 91 322 637 16 702 95 588 702 730 739 818 19 420 538 32 825 834 35 935 361 637 945 1724 2255 3999 4152 9599 9999 
243) 12 23 91 127 133 29 91 92 93 213 322 361 538 213 388 91 322 637 16 702 95 588 702 730 739 818 19 420 538 32 825 834 35 361 935 637 945 1724 2255 3999 4152 9599 9999 
244) 12 23 91 127 133 29 91 92 93 213 322 361 538 213 388 91 322 637 16 702 95 588 702 730 739 818 19 420 538 32 825 834 35 361 637 935 945 1724 2255 3999 4152 9599 9999 
245) 12 23 91 127 29 133 91 92 93 213 322 361 538 213 388 91 322 637 16 702 95 588 702 730 739 818 19 420 538 32 825 834 35 361 637 935 945 1724 2255 3999 4152 9599 9999 
246) 12 23 91 127 29 91 133 92 93 213 322 361 538 213 388 91 322 637 16 702 95 588 702 730 739 818 19 420 538 32 825 834 35 361 637 935 945 1724 2255 3999 4152 9599 9999 
247) 12 23 91 127 29 91 92 133 93 213 322 361 538 213 388 91 322 637 16 702 95 588 702 730 739 818 19 420 538 32 825 834 35 361 637 935 945 1724 2255 3999 4152 9599 9999 
248) 12 23 91 127 29 91 92 93 133 213 322 361 538 213 388 91 322 637 16 702 95 588 702 730 739 818 19 420 538 32 825 834 35 361 637 935 945 1724 2255 3999 4152 9599 9999 
249) 12 23 91 127 29 91 92 93 133 213 322 361 213 538 388 91 322 637 16 702 95 588 702 730 739 818 19 420 538 32 825 834 35 361 637 935 945 1724 2255 3999 4152 9599 9999 
250) 12 23 91 127 29 91 92 93 133 213 322 361 213 388 538 91 322 637 16 702 95 588 702 730 739 818 19 420 538 32 825 834 35 361 637 935 945 1724 2255 3999 4152 9599 9999 
251) 12 23 91 127 29 91 92 93 133 213 322 361 213 388 91 538 322 637 16 702 95 588 702 730 739 818 19 420 538 32 825 834 35 361 637 935 945 1724 2255 3999 4152 9599 9999 
252) 12 23 91 127 29 91 92 93 133 213 322 361 213 388 91 322 538 637 16 702 95 588 702 730 739 818 19 420 538 32 825 834 35 361 637 935 945 1724 2255 3999 4152 9599 9999 
253) 12 23 91 127 29 91 92 93 133 213 322 361 213 388 91 322 538 16 637 702 95 588 702 730 739 818 19 420 538 32 825 834 35 361 637 935 945 1724 2255 3999 4152 9599 9999 
254) 12 23 91 127 29 91 92 93 133 213 322 361 213 388 91 322 538 16 637 95 702 588 702 730 739 818 19 420 538 32 825 834 35 361 637 935 945 1724 2255 3999 4152 9599 9999 
255) 12 23 91 127 29 91 92 93 133 213 322 361 213 388 91 322 538 16 637 95 588 702 702 730 739 818 19 420 538 32 825 834 35 361 637 935 945 1724 2255 3999 4152 9599 9999 
256) 12 23 91 127 29 91 92 93 133 213 322 361 213 388 91 322 538 16 637 95 588 702 702 730 739 19 818 420 538 32 825 834 35 361 637 935 945 1724 2255 3999 4152 9599 9999 
257) 12 23 91 127 29 91 92 93 133 213 322 361 213 388 91 322 538 16 637 95 588 702 702 730 739 19 420 818 538 32 825 834 35 361 637 935 945 1724 2255 3999 4152 9599 9999 
258) 12 23 91 127 29 91 92 93 133 213 322 361 213 388 91 322 538 16 637 95 588 702 702 730 739 19 420 538 818 32 825 834 35 361 637 935 945 1724 2255 3999 4152 9599 9999 
259) 12 23 91 127 29 91 92 93 133 213 322 361 213 388 91 322 538 16 637 95 588 702 702 730 739 19 420 538 32 818 825 834 35 361 637 935 945 1724 2255 3999 4152 9599 9999 
260) 12 23 91 127 29 91 92 93 133 213 322 361 213 388 91 322 538 16 637 95 588 702 702 730 739 19 420 538 32 818 825 35 834 361 637 935 945 1724 2255 3999 4152 9599 9999 
261) 12 23 91 127 29 91 92 93 133 213 322 361 213 388 91 322 538 16 637 95 588 702 702 730 739 19 420 538 32 818 825 35 361 834 637 935 945 1724 2255 3999 4152 9599 9999 
262) 12 23 91 127 29 91 92 93 133 213 322 361 213 388 91 322 538 16 637 95 588 702 702 730 739 19 420 538 32 818 825 35 361 637 834 935 945 1724 2255 3999 4152 9599 9999 
263) 12 23 91 29 127 91 92 93 133 213 322 361 213 388 91 322 538 16 637 95 588 702 702 730 739 19 420 538 32 818 825 35 361 637 834 935 945 1724 2255 3999 4152 9599 9999 
264) 12 23 91 29 91 127 92 93 133 213 322 361 213 388 91 322 538 16 637 95 588 702 702 730 739 19 420 538 32 818 825 35 361 637 834 935 945 1724 2255 3999 4152 9599 9999 
265) 12 23 91 29 91 92 127 93 133 213 322 361 213 388 91 322 538 16 637 95 588 702 702 730 739 19 420 538 32 818 825 35 361 637 834 935 945 1724 2255 3999 4152 9599 9999 
266) 12 23 91 29 91 92 93 127 133 213 322 361 213 388 91 322 538 16 637 95 588 702 702 730 739 19 420 538 32 818 825 35 361 637 834 935 945 1724 2255 3999 4152 9599 9999 
267) 12 23 91 29 91 92 93 127 133 213 322 213 361 388 91 322 538 16 637 95 588 702 702 730 739 19 420 538 32 818 825 35 361 637 834 935 945 1724 2255 3999 4152 9599 9999 
268) 12 23 91 29 91 92 93 127 133 213 322 213 361 91 388 322 538 16 637 95 588 702 702 730 739 19 420 538 32 818 825 35 361 637 834 935 945 1724 2255 3999 4152 9599 9999 
269) 12 23 91 29 91 92 93 127 133 213 322 213 361 91 322 388 538 16 637 95 588 702 702 730 739 19 420 538 32 818 825 35 361 637 834 935 945 1724 2255 3999 4152 9599 9999 
270) 12 23 91 29 91 92 93 127 133 213 322 213 361 91 322 388 16 538 637 95 588 702 702 730 739 19 420 538 32 818 825 35 361 637 834 935 945 1724 2255 3999 4152 9599 9999 
271) 12 23 91 29 91 92 93 127 133 213 322 213 361 91 322 388 16 538 95 637 588 702 702 730 739 19 420 538 32 818 825 35 361 637 834 935 945 1724 2255 3999 4152 9599 9999 
272) 12 23 91 29 91 92 93 127 133 213 322 213 361 91 322 388 16 538 95 588 637 702 702 730 739 19 420 538 32 818 825 35 361 637 834 935 945 1724 2255 3999 4152 9599 9999 
273) 12 23 91 29 91 92 93 127 133 213 322 213 361 91 322 388 16 538 95 588 637 702 702 730 19 739 420 538 32 818 825 35 361 637 834 935 945 1724 2255 3999 4152 9599 9999 
274) 12 23 91 29 91 92 93 127 133 213 322 213 361 91 322 388 16 538 95 588 637 702 702 730 19 420 739 538 32 818 825 35 361 637 834 935 945 1724 2255 3999 4152 9599 9999 
275) 12 23 91 29 91 92 93 127 133 213 322 213 361 91 322 388 16 538 95 588 637 702 702 730 19 420 538 739 32 818 825 35 361 637 834 935 945 1724 2255 3999 4152 9599 9999 
276) 12 23 91 29 91 92 93 127 133 213 322 213 361 91 322 388 16 538 95 588 637 702 702 730 19 420 538 32 739 818 825 35 361 637 834 935 945 1724 2255 3999 4152 9599 9999 
277) 12 23 91 29 91 92 93 127 133 213 322 213 361 91 322 388 16 538 95 588 637 702 702 730 19 420 538 32 739 818 35 825 361 637 834 935 945 1724 2255 3999 4152 9599 9999 
278) 12 23 91 29 91 92 93 127 133 213 322 213 361 91 322 388 16 538 95 588 637 702 702 730 19 420 538 32 739 818 35 361 825 637 834 935 945 1724 2255 3999 4152 9599 9999 
279) 12 23 91 29 91 92 93 127 133 213 322 213 361 91 322 388 16 538 95 588 637 702 702 730 19 420 538 32 739 818 35 361 637 825 834 935 945 1724 2255 3999 4152 9599 9999 
280) 12 23 29 91 91 92 93 127 133 213 322 213 361 91 322 388 16 538 95 588 637 702 702 730 19 420 538 32 739 818 35 361 637 825 834 935 945 1724 2255 3999 4152 9599 9999 
281) 12 23 29 91 91 92 93 127 133 213 213 322 361 91 322 388 16 538 95 588 637 702 702 730 19 420 538 32 739 818 35 361 637 825 834 935 945 1724 2255 3999 4152 9599 9999 
282) 12 23 29 91 91 92 93 127 133 213 213 322 91 361 322 388 16 538 95 588 637 702 702 730 19 420 538 32 739 818 35 361 637 825 834 935 945 1724 2255 3999 4152 9599 9999 
283) 12 23 29 91 91 92 93 127 133 213 213 322 91 322 361 388 16 538 95 588 637 702 702 730 19 420 538 32 739 818 35 361 637 825 834 935 945 1724 2255 3999 4152 9599 9999 
284) 12 23 29 91 91 92 93 127 133 213 213 322 91 322 361 16 388 538 95 588 637 702 702 730 19 420 538 32 739 818 35 361 637 825 834 935 945 1724 2255 3999 4152 9599 9999 
285) 12 23 29 91 91 92 93 127 133 213 213 322 91 322 361 16 388 95 538 588 637 702 702 730 19 420 538 32 739 818 35 361 637 825 834 935 945 1724 2255 3999 4152 9599 9999 
286) 12 23 29 91 91 92 93 127 133 213 213 322 91 322 361 16 388 95 538 588 637 702 702 19 730 420 538 32 739 818 35 361 637 825 834 935 945 1724 2255 3999 4152 9599 9999 
287) 12 23 29 91 91 92 93 127 133 213 213 322 91 322 361 16 388 95 538 588 637 702 702 19 420 730 538 32 739 818 35 361 637 825 834 935 945 1724 2255 3999 4152 9599 9999 
288) 12 23 29 91 91 92 93 127 133 213 213 322 91 322 361 16 388 95 538 588 637 702 702 19 420 538 730 32 739 818 35 361 637 825 834 935 945 1724 2255 3999 4152 9599 9999 
289) 12 23 29 91 91 92 93 127 133 213 213 322 91 322 361 16 388 95 538 588 637 702 702 19 420 538 32 730 739 818 35 361 637 825 834 935 945 1724 2255 3999 4152 9599 9999 
290) 12 23 29 91 91 92 93 127 133 213 213 322 91 322 361 16 388 95 538 588 637 702 702 19 420 538 32 730 739 35 818 361 637 825 834 935 945 1724 2255 3999 4152 9599 9999 
291) 12 23 29 91 91 92 93 127 133 213 213 322 91 322 361 16 388 95 538 588 637 702 702 19 420 538 32 730 739 35 361 818 637 825 834 935 945 1724 2255 3999 4152 9599 9999 
292) 12 23 29 91 91 92 93 127 133 213 213 322 91 322 361 16 388 95 538 588 637 702 702 19 420 538 32 730 739 35 361 637 818 825 834 935 945 1724 2255 3999 4152 9599 9999 
293) 12 23 29 91 91 92 93 127 133 213 213 91 322 322 361 16 388 95 538 588 637 702 702 19 420 538 32 730 739 35 361 637 818 825 834 935 945 1724 2255 3999 4152 9599 9999 
294) 12 23 29 91 91 92 93 127 133 213 213 91 322 322 16 361 388 95 538 588 637 702 702 19 420 538 32 730 739 35 361 637 818 825 834 935 945 1724 2255 3999 4152 9599 9999 
295) 12 23 29 91 91 92 93 127 133 213 213 91 322 322 16 361 95 388 538 588 637 702 702 19 420 538 32 730 739 35 361 637 818 825 834 935 945 1724 2255 3999 4152 9599 9999 
296) 12 23 29 91 91 92 93 127 133 213 213 91 322 322 16 361 95 388 538 588 637 702 19 702 420 538 32 730 739 35 361 637 818 825 834 935 945 1724 2255 3999 4152 9599 9999 
297) 12 23 29 91 91 92 93 127 133 213 213 91 322 322 16 361 95 388 538 588 637 702 19 420 702 538 32 730 739 35 361 637 818 825 834 935 945 1724 2255 3999 4152 9599 9999 
298) 12 23 29 91 91 92 93 127 133 213 213 91 322 322 16 361 95 388 538 588 637 702 19 420 538 702 32 730 739 35 361 637 818 825 834 935 945 1724 2255 3999 4152 9599 9999 
299) 12 23 29 91 91 92 93 127 133 213 213 91 322 322 16 361 95 388 538 588 637 702 19 420 538 32 702 730 739 35 361 637 818 825 834 935 945 1724 2255 3999 4152 9599 9999 
300) 12 23 29 91 91 92 93 127 133 213 213 91 322 322 16 361 95 388 538 588 637 702 19 420 538 32 702 730 35 739 361 637 818 825 834 935 945 1724 2255 3999 4152 9599 9999 
301) 12 23 29 91 91 92 93 127 133 213 213 91 322 322 16 361 95 388 538 588 637 702 19 420 538 32 702 730 35 361 739 637 818 825 834 935 945 1724 2255 3999 4152 9599 9999 
302) 12 23 29 91 91 92 93 127 133 213 213 91 322 322 16 361 95 388 538 588 637 702 19 420 538 32 702 730 35 361 637 739 818 825 834 935 945 1724 2255 3999 4152 9599 9999 
303) 12 23 29 91 91 92 93 127 133 213 91 213 322 322 16 361 95 388 538 588 637 702 19 420 538 32 702 730 35 361 637 739 818 825 834 935 945 1724 2255 3999 4152 9599 9999 
304) 12 23 29 91 91 92 93 127 133 213 91 213 322 16 322 361 95 388 538 588 637 702 19 420 538 32 702 730 35 361 637 739 818 825 834 935 945 1724 2255 3999 4152 9599 9999 
305) 12 23 29 91 91 92 93 127 133 213 91 213 322 16 322 95 361 388 538 588 637 702 19 420 538 32 702 730 35 361 637 739 818 825 834 935 945 1724 2255 3999 4152 9599 9999 
306) 12 23 29 91 91 92 93 127 133 213 91 213 322 16 322 95 361 388 538 588 637 19 702 420 538 32 702 730 35 361 637 739 818 825 834 935 945 1724 2255 3999 4152 9599 9999 
307) 12 23 29 91 91 92 93 127 133 213 91 213 322 16 322 95 361 388 538 588 637 19 420 702 538 32 702 730 35 361 637 739 818 825 834 935 945 1724 2255 3999 4152 9599 9999 
308) 12 23 29 91 91 92 93 127 133 213 91 213 322 16 322 95 361 388 538 588 637 19 420 538 702 32 702 730 35 361 637 739 818 825 834 935 945 1724 2255 3999 4152 9599 9999 
309) 12 23 29 91 91 92 93 127 133 213 91 213 322 16 322 95 361 388 538 588 637 19 420 538 32 702 702 730 35 361 637 739 818 825 834 935 945 1724 2255 3999 4152 9599 9999 
310) 12 23 29 91 91 92 93 127 133 213 91 213 322 16 322 95 361 388 538 588 637 19 420 538 32 702 702 35 730 361 637 739 818 825 834 935 945 1724 2255 3999 4152 9599 9999 
311) 12 23 29 91 91 92 93 127 133 213 91 213 322 16 322 95 361 388 538 588 637 19 420 538 32 702 702 35 361 730 637 739 818 825 834 935 945 1724 2255 3999 4152 9599 9999 
312) 12 23 29 91 91 92 93 127 133 213 91 213 322 16 322 95 361 388 538 588 637 19 420 538 32 702 702 35 361 637 730 739 818 825 834 935 945 1724 2255 3999 4152 9599 9999 
313) 12 23 29 91 91 92 93 127 133 91 213 213 322 16 322 95 361 388 538 588 637 19 420 538 32 702 702 35 361 637 730 739 818 825 834 935 945 1724 2255 3999 4152 9599 9999 
314) 12 23 29 91 91 92 93 127 133 91 213 213 16 322 322 95 361 388 538 588 637 19 420 538 32 702 702 35 361 637 730 739 818 825 834 935 945 1724 2255 3999 4152 9599 9999 
315) 12 23 29 91 91 92 93 127 133 91 213 213 16 322 95 322 361 388 538 588 637 19 420 538 32 702 702 35 361 637 730 739 818 825 834 935 945 1724 2255 3999 4152 9599 9999 
316) 12 23 29 91 91 92 93 127 133 91 213 213 16 322 95 322 361 388 538 588 19 637 420 538 32 702 702 35 361 637 730 739 818 825 834 935 945 1724 2255 3999 4152 9599 9999 
317) 12 23 29 91 91 92 93 127 133 91 213 213 16 322 95 322 361 388 538 588 19 420 637 538 32 702 702 35 361 637 730 739 818 825 834 935 945 1724 2255 3999 4152 9599 9999 
318) 12 23 29 91 91 92 93 127 133 91 213 213 16 322 95 322 361 388 538 588 19 420 538 637 32 702 702 35 361 637 730 739 818 825 834 935 945 1724 2255 3999 4152 9599 9999 
319) 12 23 29 91 91 92 93 127 133 91 213 213 16 322 95 322 361 388 538 588 19 420 538 32 637 702 702 35 361 637 730 739 818 825 834 935 945 1724 2255 3999 4152 9599 9999 
320) 12 23 29 91 91 92 93 127 133 91 213 213 16 322 95 322 361 388 538 588 19 420 538 32 637 702 35 702 361 637 730 739 818 825 834 935 945 1724 2255 3999 4152 9599 9999 
321) 12 23 29 91 91 92 93 127 133 91 213 213 16 322 95 322 361 388 538 588 19 420 538 32 637 702 35 361 702 637 730 739 818 825 834 935 945 1724 2255 3999 4152 9599 9999 
322) 12 23 29 91 91 92 93 127 133 91 213 213 16 322 95 322 361 388 538 588 19 420 538 32 637 702 35 361 637 702 730 739 818 825 834 935 945 1724 2255 3999 4152 9599 9999 
323) 12 23 29 91 91 92 93 127 91 133 213 213 16 322 95 322 361 388 538 588 19 420 538 32 637 702 35 361 637 702 730 739 818 825 834 935 945 1724 2255 3999 4152 9599 9999 
324) 12 23 29 91 91 92 93 127 91 133 213 16 213 322 95 322 361 388 538 588 19 420 538 32 637 702 35 361 637 702 730 739 818 825 834 935 945 1724 2255 3999 4152 9599 9999 
325) 12 23 29 91 91 92 93 127 91 133 213 16 213 95 322 322 361 388 538 588 19 420 538 32 637 702 35 361 637 702 730 739 818 825 834 935 945 1724 2255 3999 4152 9599 9999 
326) 12 23 29 91 91 92 93 127 91 133 213 16 213 95 322 322 361 388 538 19 588 420 538 32 637 702 35 361 637 702 730 739 818 825 834 935 945 1724 2255 3999 4152 9599 9999 
327) 12 23 29 91 91 92 93 127 91 133 213 16 213 95 322 322 361 388 538 19 420 588 538 32 637 702 35 361 637 702 730 739 818 825 834 935 945 1724 2255 3999 4152 9599 9999 
328) 12 23 29 91 91 92 93 127 91 133 213 16 213 95 322 322 361 388 538 19 420 538 588 32 637 702 35 361 637 702 730 739 818 825 834 935 945 1724 2255 3999 4152 9599 9999 
329) 12 23 29 91 91 92 93 127 91 133 213 16 213 95 322 322 361 388 538 19 420 538 32 588 637 702 35 361 637 702 730 739 818 825 834 935 945 1724 2255 3999 4152 9599 9999 
330) 12 23 29 91 91 92 93 127 91 133 213 16 213 95 322 322 361 388 538 19 420 538 32 588 637 35 702 361 637 702 730 739 818 825 834 935 945 1724 2255 3999 4152 9599 9999 
331) 12 23 29 91 91 92 93 127 91 133 213 16 213 95 322 322 361 388 538 19 420 538 32 588 637 35 361 702 637 702 730 739 818 825 834 935 945 1724 2255 3999 4152 9599 9999 
332) 12 23 29 91 91 92 93 127 91 133 213 16 213 95 322 322 361 388 538 19 420 538 32 588 637 35 361 637 702 702 730 739 818 825 834 935 945 1724 2255 3999 4152 9599 9999 
333) 12 23 29 91 91 92 93 91 127 133 213 16 213 95 322 322 361 388 538 19 420 538 32 588 637 35 361 637 702 702 730 739 818 825 834 935 945 1724 2255 3999 4152 9599 9999 
334) 12 23 29 91 91 92 93 91 127 133 16 213 213 95 322 322 361 388 538 19 420 538 32 588 637 35 361 637 702 702 730 739 818 825 834 935 945 1724 2255 3999 4152 9599 9999 
335) 12 23 29 91 91 92 93 91 127 133 16 213 95 213 322 322 361 388 538 19 420 538 32 588 637 35 361 637 702 702 730 739 818 825 834 935 945 1724 2255 3999 4152 9599 9999 
336) 12 23 29 91 91 92 93 91 127 133 16 213 95 213 322 322 361 388 19 538 420 538 32 588 637 35 361 637 702 702 730 739 818 825 834 935 945 1724 2255 3999 4152 9599 9999 
337) 12 23 29 91 91 92 93 91 127 133 16 213 95 213 322 322 361 388 19 420 538 538 32 588 637 35 361 637 702 702 730 739 818 825 834 935 945 1724 2255 3999 4152 9599 9999 
338) 12 23 29 91 91 92 93 91 127 133 16 213 95 213 322 322 361 388 19 420 538 32 538 588 637 35 361 637 702 702 730 739 818 825 834 935 945 1724 2255 3999 4152 9599 9999 
339) 12 23 29 91 91 92 93 91 127 133 16 213 95 213 322 322 361 388 19 420 538 32 538 588 35 637 361 637 702 702 730 739 818 825 834 935 945 1724 2255 3999 4152 9599 9999 
340) 12 23 29 91 91 92 93 91 127 133 16 213 95 213 322 322 361 388 19 420 538 32 538 588 35 361 637 637 702 702 730 739 818 825 834 935 945 1724 2255 3999 4152 9599 9999 
341) 12 23 29 91 91 92 91 93 127 133 16 213 95 213 322 322 361 388 19 420 538 32 538 588 35 361 637 637 702 702 730 739 818 825 834 935 945 1724 2255 3999 4152 9599 9999 
342) 12 23 29 91 91 92 91 93 127 16 133 213 95 213 322 322 361 388 19 420 538 32 538 588 35 361 637 637 702 702 730 739 818 825 834 935 945 1724 2255 3999 4152 9599 9999 
343) 12 23 29 91 91 92 91 93 127 16 133 95 213 213 322 322 361 388 19 420 538 32 538 588 35 361 637 637 702 702 730 739 818 825 834 935 945 1724 2255 3999 4152 9599 9999 
344) 12 23 29 91 91 92 91 93 127 16 133 95 213 213 322 322 361 19 388 420 538 32 538 588 35 361 637 637 702 702 730 739 818 825 834 935 945 1724 2255 3999 4152 9599 9999 
345) 12 23 29 91 91 92 91 93 127 16 133 95 213 213 322 322 361 19 388 420 32 538 538 588 35 361 637 637 702 702 730 739 818 825 834 935 945 1724 2255 3999 4152 9599 9999 
346) 12 23 29 91 91 92 91 93 127 16 133 95 213 213 322 322 361 19 388 420 32 538 538 35 588 361 637 637 702 702 730 739 818 825 834 935 945 1724 2255 3999 4152 9599 9999 
347) 12 23 29 91 91 92 91 93 127 16 133 95 213 213 322 322 361 19 388 420 32 538 538 35 361 588 637 637 702 702 730 739 818 825 834 935 945 1724 2255 3999 4152 9599 9999 
348) 12 23 29 91 91 91 92 93 127 16 133 95 213 213 322 322 361 19 388 420 32 538 538 35 361 588 637 637 702 702 730 739 818 825 834 935 945 1724 2255 3999 4152 9599 9999 
349) 12 23 29 91 91 91 92 93 16 127 133 95 213 213 322 322 361 19 388 420 32 538 538 35 361 588 637 637 702 702 730 739 818 825 834 935 945 1724 2255 3999 4152 9599 9999 
350) 12 23 29 91 91 91 92 93 16 127 95 133 213 213 322 322 361 19 388 420 32 538 538 35 361 588 637 637 702 702 730 739 818 825 834 935 945 1724 2255 3999 4152 9599 9999 
351) 12 23 29 91 91 91 92 93 16 127 95 133 213 213 322 322 19 361 388 420 32 538 538 35 361 588 637 637 702 702 730 739 818 825 834 935 945 1724 2255 3999 4152 9599 9999 
352) 12 23 29 91 91 91 92 93 16 127 95 133 213 213 322 322 19 361 388 32 420 538 538 35 361 588 637 637 702 702 730 739 818 825 834 935 945 1724 2255 3999 4152 9599 9999 
353) 12 23 29 91 91 91 92 93 16 127 95 133 213 213 322 322 19 361 388 32 420 538 35 538 361 588 637 637 702 702 730 739 818 825 834 935 945 1724 2255 3999 4152 9599 9999 
354) 12 23 29 91 91 91 92 93 16 127 95 133 213 213 322 322 19 361 388 32 420 538 35 361 538 588 637 637 702 702 730 739 818 825 834 935 945 1724 2255 3999 4152 9599 9999 
355) 12 23 29 91 91 91 92 16 93 127 95 133 213 213 322 322 19 361 388 32 420 538 35 361 538 588 637 637 702 702 730 739 818 825 834 935 945 1724 2255 3999 4152 9599 9999 
356) 12 23 29 91 91 91 92 16 93 95 127 133 213 213 322 322 19 361 388 32 420 538 35 361 538 588 637 637 702 702 730 739 818 825 834 935 945 1724 2255 3999 4152 9599 9999 
357) 12 23 29 91 91 91 92 16 93 95 127 133 213 213 322 19 322 361 388 32 420 538 35 361 538 588 637 637 702 702 730 739 818 825 834 935 945 1724 2255 3999 4152 9599 9999 
358) 12 23 29 91 91 91 92 16 93 95 127 133 213 213 322 19 322 361 32 388 420 538 35 361 538 588 637 637 702 702 730 739 818 825 834 935 945 1724 2255 3999 4152 9599 9999 
359) 12 23 29 91 91 91 92 16 93 95 127 133 213 213 322 19 322 361 32 388 420 35 538 361 538 588 637 637 702 702 730 739 818 825 834 935 945 1724 2255 3999 4152 9599 9999 
360) 12 23 29 91 91 91 92 16 93 95 127 133 213 213 322 19 322 361 32 388 420 35 361 538 538 588 637 637 702 702 730 739 818 825 834 935 945 1724 2255 3999 4152 9599 9999 
361) 12 23 29 91 91 91 16 92 93 95 127 133 213 213 322 19 322 361 32 388 420 35 361 538 538 588 637 637 702 702 730 739 818 825 834 935 945 1724 2255 3999 4152 9599 9999 
362) 12 23 29 91 91 91 16 92 93 95 127 133 213 213 19 322 322 361 32 388 420 35 361 538 538 588 637 637 702 702 730 739 818 825 834 935 945 1724 2255 3999 4152 9599 9999 
363) 12 23 29 91 91 91 16 92 93 95 127 133 213 213 19 322 322 32 361 388 420 35 361 538 538 588 637 637 702 702 730 739 818 825 834 935 945 1724 2255 3999 4152 9599 9999 
364) 12 23 29 91 91 91 16 92 93 95 127 133 213 213 19 322 322 32 361 388 35 420 361 538 538 588 637 637 702 702 730 739 818 825 834 935 945 1724 2255 3999 4152 9599 9999 
365) 12 23 29 91 91 91 16 92 93 95 127 133 213 213 19 322 322 32 361 388 35 361 420 538 538 588 637 637 702 702 730 739 818 825 834 935 945 1724 2255 3999 4152 9599 9999 
366) 12 23 29 91 91 16 91 92 93 95 127 133 213 213 19 322 322 32 361 388 35 361 420 538 538 588 637 637 702 702 730 739 818 825 834 935 945 1724 2255 3999 4152 9599 9999 
367) 12 23 29 91 91 16 91 92 93 95 127 133 213 19 213 322 322 32 361 388 35 361 420 538 538 588 637 637 702 702 730 739 818 825 834 935 945 1724 2255 3999 4152 9599 9999 
368) 12 23 29 91 91 16 91 92 93 95 127 133 213 19 213 322 32 322 361 388 35 361 420 538 538 588 637 637 702 702 730 739 818 825 834 935 945 1724 2255 3999 4152 9599 9999 
369) 12 23 29 91 91 16 91 92 93 95 127 133 213 19 213 322 32 322 361 35 388 361 420 538 538 588 637 637 702 702 730 739 818 825 834 935 945 1724 2255 3999 4152 9599 9999 
370) 12 23 29 91 91 16 91 92 93 95 127 133 213 19 213 322 32 322 361 35 361 388 420 538 538 588 637 637 702 702 730 739 818 825 834 935 945 1724 2255 3999 4152 9599 9999 
371) 12 23 29 91 16 91 91 92 93 95 127 133 213 19 213 322 32 322 361 35 361 388 420 538 538 588 637 637 702 702 730 739 818 825 834 935 945 1724 2255 3999 4152 9599 9999 
372) 12 23 29 91 16 91 91 92 93 95 127 133 19 213 213 322 32 322 361 35 361 388 420 538 538 588 637 637 702 702 730 739 818 825 834 935 945 1724 2255 3999 4152 9599 9999 
373) 12 23 29 91 16 91 91 92 93 95 127 133 19 213 213 32 322 322 361 35 361 388 420 538 538 588 637 637 702 702 730 739 818 825 834 935 945 1724 2255 3999 4152 9599 9999 
374) 12 23 29 91 16 91 91 92 93 95 127 133 19 213 213 32 322 322 35 361 361 388 420 538 538 588 637 637 702 702 730 739 818 825 834 935 945 1724 2255 3999 4152 9599 9999 
375) 12 23 29 16 91 91 91 92 93 95 127 133 19 213 213 32 322 322 35 361 361 388 420 538 538 588 637 637 702 702 730 739 818 825 834 935 945 1724 2255 3999 4152 9599 9999 
376) 12 23 29 16 91 91 91 92 93 95 127 19 133 213 213 32 322 322 35 361 361 388 420 538 538 588 637 637 702 702 730 739 818 825 834 935 945 1724 2255 3999 4152 9599 9999 
377) 12 23 29 16 91 91 91 92 93 95 127 19 133 213 32 213 322 322 35 361 361 388 420 538 538 588 637 637 702 702 730 739 818 825 834 935 945 1724 2255 3999 4152 9599 9999 
378) 12 23 29 16 91 91 91 92 93 95 127 19 133 213 32 213 322 35 322 361 361 388 420 538 538 588 637 637 702 702 730 739 818 825 834 935 945 1724 2255 3999 4152 9599 9999 
379) 12 23 16 29 91 91 91 92 93 95 127 19 133 213 32 213 322 35 322 361 361 388 420 538 538 588 637 637 702 702 730 739 818 825 834 935 945 1724 2255 3999 4152 9599 9999 
380) 12 23 16 29 91 91 91 92 93 95 19 127 133 213 32 213 322 35 322 361 361 388 420 538 538 588 637 637 702 702 730 739 818 825 834 935 945 1724 2255 3999 4152 9599 9999 
381) 12 23 16 29 91 91 91 92 93 95 19 127 133 32 213 213 322 35 322 361 361 388 420 538 538 588 637 637 702 702 730 739 818 825 834 935 945 1724 2255 3999 4152 9599 9999 
382) 12 23 16 29 91 91 91 92 93 95 19 127 133 32 213 213 35 322 322 361 361 388 420 538 538 588 637 637 702 702 730 739 818 825 834 935 945 1724 2255 3999 4152 9599 9999 
383) 12 16 23 29 91 91 91 92 93 95 19 127 133 32 213 213 35 322 322 361 361 388 420 538 538 588 637 637 702 702 730 739 818 825 834 935 945 1724 2255 3999 4152 9599 9999 
384) 12 16 23 29 91 91 91 92 93 19 95 127 133 32 213 213 35 322 322 361 361 388 420 538 538 588 637 637 702 702 730 739 818 825 834 935 945 1724 2255 3999 4152 9599 9999 
385) 12 16 23 29 91 91 91 92 93 19 95 127 32 133 213 213 35 322 322 361 361 388 420 538 538 588 637 637 702 702 730 739 818 825 834 935 945 1724 2255 3999 4152 9599 9999 
386) 12 16 23 29 91 91 91 92 93 19 95 127 32 133 213 35 213 322 322 361 361 388 420 538 538 588 637 637 702 702 730 739 818 825 834 935 945 1724 2255 3999 4152 9599 9999 
387) 12 16 23 29 91 91 91 92 19 93 95 127 32 133 213 35 213 322 322 361 361 388 420 538 538 588 637 637 702 702 730 739 818 825 834 935 945 1724 2255 3999 4152 9599 9999 
388) 12 16 23 29 91 91 91 92 19 93 95 32 127 133 213 35 213 322 322 361 361 388 420 538 538 588 637 637 702 702 730 739 818 825 834 935 945 1724 2255 3999 4152 9599 9999 
389) 12 16 23 29 91 91 91 92 19 93 95 32 127 133 35 213 213 322 322 361 361 388 420 538 538 588 637 637 702 702 730 739 818 825 834 935 945 1724 2255 3999 4152 9599 9999 
390) 12 16 23 29 91 91 91 19 92 93 95 32 127 133 35 213 213 322 322 361 361 388 420 538 538 588 637 637 702 702 730 739 818 825 834 935 945 1724 2255 3999 4152 9599 9999 
391) 12 16 23 29 91 91 91 19 92 93 32 95 127 133 35 213 213 322 322 361 361 388 420 538 538 588 637 637 702 702 730 739 818 825 834 935 945 1724 2255 3999 4152 9599 9999 
392) 12 16 23 29 91 91 91 19 92 93 32 95 127 35 133 213 213 322 322 361 361 388 420 538 538 588 637 637 702 702 730 739 818 825 834 935 945 1724 2255 3999 4152 9599 9999 
393) 12 16 23 29 91 91 19 91 92 93 32 95 127 35 133 213 213 322 322 361 361 388 420 538 538 588 637 637 702 702 730 739 818 825 834 935 945 1724 2255 3999 4152 9599 9999 
394) 12 16 23 29 91 91 19 91 92 32 93 95 127 35 133 213 213 322 322 361 361 388 420 538 538 588 637 637 702 702 730 739 818 825 834 935 945 1724 2255 3999 4152 9599 9999 
395) 12 16 23 29 91 91 19 91 92 32 93 95 35 127 133 213 213 322 322 361 361 388 420 538 538 588 637 637 702 702 730 739 818 825 834 935 945 1724 2255 3999 4152 9599 9999 
396) 12 16 23 29 91 19 91 91 92 32 93 95 35 127 133 213 213 322 322 361 361 388 420 538 538 588 637 637 702 702 730 739 818 825 834 935 945 1724 2255 3999 4152 9599 9999 
397) 12 16 23 29 91 19 91 91 32 92 93 95 35 127 133 213 213 322 322 361 361 388 420 538 538 588 637 637 702 702 730 739 818 825 834 935 945 1724 2255 3999 4152 9599 9999 
398) 12 16 23 29 91 19 91 91 32 92 93 35 95 127 133 213 213 322 322 361 361 388 420 538 538 588 637 637 702 702 730 739 818 825 834 935 945 1724 2255 3999 4152 9599 9999 
399) 12 16 23 29 19 91 91 91 32 92 93 35 95 127 133 213 213 322 322 361 361 388 420 538 538 588 637 637 702 702 730 739 818 825 834 935 945 1724 2255 3999 4152 9599 9999 
400) 12 16 23 29 19 91 91 32 91 92 93 35 95 127 133 213 213 322 322 361 361 388 420 538 538 588 637 637 702 702 730 739 818 825 834 935 945 1724 2255 3999 4152 9599 9999 
401) 12 16 23 29 19 91 91 32 91 92 35 93 95 127 133 213 213 322 322 361 361 388 420 538 538 588 637 637 702 702 730 739 818 825 834 935 945 1724 2255 3999 4152 9599 9999 
402) 12 16 23 19 29 91 91 32 91 92 35 93 95 127 133 213 213 322 322 361 361 388 420 538 538 588 637 637 702 702 730 739 818 825 834 935 945 1724 2255 3999 4152 9599 9999 
403) 12 16 23 19 29 91 32 91 91 92 35 93 95 127 133 213 213 322 322 361 361 388 420 538 538 588 637 637 702 702 730 739 818 825 834 935 945 1724 2255 3999 4152 9599 9999 
404) 12 16 23 19 29 91 32 91 91 35 92 93 95 127 133 213 213 322 322 361 361 388 420 538 538 588 637 637 702 702 730 739 818 825 834 935 945 1724 2255 3999 4152 9599 9999 
405) 12 16 19 23 29 91 32 91 91 35 92 93 95 127 133 213 213 322 322 361 361 388 420 538 538 588 637 637 702 702 730 739 818 825 834 935 945 1724 2255 3999 4152 9599 9999 
406) 12 16 19 23 29 32 91 91 91 35 92 93 95 127 133 213 213 322 322 361 361 388 420 538 538 588 637 637 702 702 730 739 818 825 834 935 945 1724 2255 3999 4152 9599 9999 
407) 12 16 19 23 29 32 91 91 35 91 92 93 95 127 133 213 213 322 322 361 361 388 420 538 538 588 637 637 702 702 730 739 818 825 834 935 945 1724 2255 3999 4152 9599 9999 
408) 12 16 19 23 29 32 91 35 91 91 92 93 95 127 133 213 213 322 322 361 361 388 420 538 538 588 637 637 702 702 730 739 818 825 834 935 945 1724 2255 3999 4152 9599 9999 
409) 12 16 19 23 29 32 35 91 91 91 92 93 95 127 133 213 213 322 322 361 361 388 420 538 538 588 637 637 702 702 730 739 818 825 834 935 945 1724 2255 3999 4152 9599 9999 
